1 0.32722513089005234 0.23298429319371727 0.0968586387434555 0.1099476439790576
1 0.5536649214659686 0.22774869109947643 0.12303664921465969 0.14397905759162305
1 0.7238219895287958 0.2395287958115183 0.10732984293193717 0.12303664921465969
2 0.8992146596858639 0.25785340314136124 0.09947643979057591 0.10471204188481675
2 0.9070680628272252 0.013089005235602094 0.03926701570680628 0.02617801047120419
2 0.8363874345549738 0.014397905759162303 0.028795811518324606 0.028795811518324606
2 0.9685863874345549 0.09947643979057591 0.02617801047120419 0.031413612565445025
2 0.93717277486911 0.08769633507853403 0.02617801047120419 0.031413612565445025
1 0.6793193717277487 0.04581151832460733 0.034031413612565446 0.03926701570680628
2 0.6020942408376964 0.05759162303664921 0.02617801047120419 0.031413612565445025
2 0.4594240837696335 0.020942408376963352 0.02617801047120419 0.03664921465968586
2 0.39659685863874344 0.02225130890052356 0.03926701570680628 0.04450261780104712
2 0.31675392670157065 0.013089005235602094 0.034031413612565446 0.02356020942408377