1 0.9853723404255319 0.5412234042553191 0.023936170212765957 0.08244680851063829
1 0.9534574468085106 0.4933510638297872 0.02925531914893617 0.05319148936170213
1 0.8696808510638298 0.5106382978723404 0.0398936170212766 0.05851063829787234
1 0.8231382978723404 0.42686170212765956 0.02925531914893617 0.05851063829787234
1 0.8922872340425532 0.4308510638297872 0.023936170212765957 0.0398936170212766
1 0.7779255319148937 0.5997340425531915 0.125 0.23138297872340424
1 0.6382978723404256 0.4109042553191489 0.02925531914893617 0.0398936170212766
1 0.761968085106383 0.40425531914893614 0.023936170212765957 0.03723404255319149
1 0.5997340425531915 0.4720744680851064 0.04521276595744681 0.07180851063829788
1 0.4867021276595745 0.4348404255319149 0.06914893617021277 0.1196808510638298
1 0.5398936170212766 0.39095744680851063 0.015957446808510637 0.0398936170212766
1 0.589095744680851 0.3949468085106383 0.023936170212765957 0.026595744680851064
1 0.4348404255319149 0.324468085106383 0.02925531914893617 0.04521276595744681
1 0.30851063829787234 0.33643617021276595 0.02925531914893617 0.03723404255319149
1 0.25930851063829785 0.37898936170212766 0.02925531914893617 0.04521276595744681
1 0.1768617021276596 0.3617021276595745 0.05585106382978723 0.09308510638297872
1 0.09840425531914894 0.2912234042553192 0.023936170212765957 0.04521276595744681
1 0.005319148936170213 0.3377659574468085 0.010638297872340425 0.09042553191489362
1 0.3497340425531915 0.3191489361702128 0.010638297872340425 0.023936170212765957
1 0.3058510638297872 0.28191489361702127 0.015957446808510637 0.026595744680851064
1 0.27393617021276595 0.29388297872340424 0.013297872340425532 0.023936170212765957
1 0.2247340425531915 0.32313829787234044 0.023936170212765957 0.04521276595744681
1 0.0199468085106383 0.26063829787234044 0.023936170212765957 0.04521276595744681