1 0.07142857142857142 0.544973544973545 0.14285714285714285 0.23809523809523808
1 0.35714285714285715 0.3002645502645503 0.07407407407407407 0.09788359788359788
1 0.46164021164021163 0.2923280423280423 0.06613756613756613 0.10052910052910052
1 0.7076719576719577 0.18253968253968253 0.07671957671957672 0.10317460317460317
1 0.7870370370370371 0.0701058201058201 0.0873015873015873 0.12962962962962962
1 0.9603174603174603 0.10978835978835978 0.07407407407407407 0.21957671957671956
1 0.7804232804232805 0.3637566137566138 0.082010582010582 0.1164021164021164
2 0.9298941798941799 0.1335978835978836 0.10317460317460317 0.12433862433862433
2 0.42857142857142855 0.23941798941798942 0.047619047619047616 0.07407407407407407
1 0.32407407407407407 0.27116402116402116 0.047619047619047616 0.08465608465608465
2 0.22486772486772486 0.28174603174603174 0.07671957671957672 0.12169312169312169
1 0.6256613756613757 0.1283068783068783 0.06878306878306878 0.09523809523809523