1 0.07360406091370558 0.5101522842639594 0.14213197969543148 0.2182741116751269
1 0.21954314720812182 0.7944162436548223 0.1548223350253807 0.2512690355329949
1 0.2753807106598985 0.4467005076142132 0.08375634517766498 0.1319796954314721
1 0.19416243654822335 0.4416243654822335 0.06345177664974619 0.08629441624365482
1 0.24238578680203046 0.31091370558375636 0.06091370558375635 0.09644670050761421
1 0.36421319796954316 0.3616751269035533 0.0583756345177665 0.11928934010152284
1 0.3210659898477157 0.3210659898477157 0.03807106598984772 0.06345177664974619
1 0.45050761421319796 0.4987309644670051 0.08883248730964467 0.15228426395939088
1 0.583756345177665 0.4073604060913706 0.08629441624365482 0.15228426395939088
1 0.733502538071066 0.383248730964467 0.06345177664974619 0.11928934010152284
1 0.766497461928934 0.6484771573604061 0.11421319796954314 0.1751269035532995
1 0.9124365482233503 0.916243654822335 0.1700507614213198 0.16243654822335024
1 0.8604060913705583 0.43147208121827413 0.050761421319796954 0.08883248730964467
1 0.9403553299492385 0.5228426395939086 0.06091370558375635 0.08629441624365482
1 0.9695431472081218 0.799492385786802 0.05583756345177665 0.28426395939086296
1 0.6548223350253807 0.4467005076142132 0.05583756345177665 0.08883248730964467
1 0.9251269035532995 0.41624365482233505 0.04568527918781726 0.05583756345177665