1 0.06553398058252427 0.3483009708737864 0.06553398058252427 0.07766990291262135
1 0.22572815533980584 0.27184466019417475 0.05825242718446602 0.08009708737864078
1 0.12985436893203883 0.38349514563106796 0.02669902912621359 0.04854368932038835
1 0.3070388349514563 0.2949029126213592 0.038834951456310676 0.05825242718446602
1 0.39441747572815533 0.2609223300970874 0.05339805825242718 0.0970873786407767
1 0.5036407766990292 0.2524271844660194 0.055825242718446605 0.09951456310679611
1 0.6856796116504854 0.20752427184466019 0.043689320388349516 0.0970873786407767
1 0.8349514563106796 0.15048543689320387 0.050970873786407765 0.09223300970873786
1 0.5643203883495146 0.3155339805825243 0.012135922330097087 0.02669902912621359
1 0.9745145631067961 0.23058252427184467 0.012135922330097087 0.02669902912621359
1 0.9611650485436893 0.23907766990291263 0.019417475728155338 0.03155339805825243