1 0.9199029126213593 0.13470873786407767 0.04854368932038835 0.08980582524271845
1 0.7985436893203883 0.17111650485436894 0.05825242718446602 0.09466019417475728
1 0.7038834951456311 0.20752427184466019 0.04611650485436893 0.0703883495145631
1 0.6262135922330098 0.10436893203883495 0.06796116504854369 0.12135922330097088
1 0.5643203883495146 0.1650485436893204 0.038834951456310676 0.05825242718446602
1 0.4890776699029126 0.18810679611650485 0.05825242718446602 0.09466019417475728
1 0.3907766990291262 0.39441747572815533 0.05339805825242718 0.09466019417475728
1 0.36650485436893204 0.18446601941747573 0.05825242718446602 0.09466019417475728
1 0.27548543689320387 0.25849514563106796 0.055825242718446605 0.0970873786407767
1 0.20388349514563106 0.29004854368932037 0.038834951456310676 0.0703883495145631
1 0.16140776699029127 0.29975728155339804 0.04854368932038835 0.07766990291262135
1 0.14320388349514562 0.2536407766990291 0.02912621359223301 0.050970873786407765
1 0.07888349514563107 0.24271844660194175 0.05825242718446602 0.10436893203883495