1 0.9365853658536586 0.8341463414634146 0.05365853658536585 0.12682926829268293
1 0.8658536585365854 0.7463414634146341 0.08048780487804878 0.12195121951219512
0 0.8268292682926829 0.6817073170731708 0.06829268292682927 0.1024390243902439
2 0.9097560975609756 0.43414634146341463 0.05121951219512195 0.07560975609756097
1 0.926829268292683 0.3048780487804878 0.05121951219512195 0.1
1 0.9804878048780488 0.2682926829268293 0.03414634146341464 0.08292682926829269
2 0.9426829268292682 0.023170731707317073 0.07073170731707316 0.046341463414634146
1 0.7207317073170731 0.05121951219512195 0.06585365853658537 0.09024390243902439
1 0.7536585365853659 0.24146341463414633 0.06829268292682927 0.07804878048780488
1 0.7378048780487805 0.4719512195121951 0.05609756097560976 0.1
1 0.6073170731707317 0.9158536585365854 0.08780487804878048 0.11707317073170732
1 0.4682926829268293 0.751219512195122 0.07560975609756097 0.09268292682926829
1 0.4170731707317073 0.8378048780487805 0.09024390243902439 0.11219512195121951
1 0.501219512195122 0.4304878048780488 0.07317073170731707 0.1048780487804878
1 0.5231707317073171 0.275609756097561 0.07560975609756097 0.0951219512195122
1 0.5195121951219512 0.14634146341463414 0.07073170731707316 0.08048780487804878
1 0.3548780487804878 0.5121951219512195 0.05853658536585366 0.09024390243902439
1 0.3426829268292683 0.29024390243902437 0.06829268292682927 0.1
1 0.25609756097560976 0.29878048780487804 0.07317073170731707 0.1048780487804878
1 0.05 0.697560975609756 0.08292682926829269 0.08048780487804878
1 0.1048780487804878 0.3902439024390244 0.07317073170731707 0.09268292682926829
1 0.18170731707317073 0.23780487804878048 0.05609756097560976 0.08048780487804878
1 0.18902439024390244 0.12439024390243902 0.05365853658536585 0.06829268292682927