1 0.8706896551724138 0.05788177339901478 0.15517241379310345 0.11576354679802955
1 0.8374384236453202 0.2647783251231527 0.16502463054187191 0.22167487684729065
1 0.9064039408866995 0.5357142857142857 0.14285714285714285 0.20689655172413793
1 0.6982758620689655 0.37807881773399016 0.16502463054187191 0.23891625615763548
1 0.6970443349753694 0.6896551724137931 0.13793103448275862 0.17733990147783252
1 0.47167487684729065 0.6268472906403941 0.16995073891625614 0.2561576354679803
1 0.4421182266009852 0.8879310344827587 0.16009852216748768 0.21921182266009853
1 0.3891625615763547 0.6268472906403941 0.1477832512315271 0.21182266009852216
1 0.2315270935960591 0.8854679802955665 0.15763546798029557 0.22413793103448276
1 0.13916256157635468 0.5270935960591133 0.15517241379310345 0.22660098522167488
1 0.03694581280788178 0.6884236453201971 0.07389162561576355 0.22413793103448276
1 0.12931034482758622 0.8066502463054187 0.15270935960591134 0.229064039408867
1 0.050492610837438424 0.9100985221674877 0.10098522167487685 0.1748768472906404
1 0.15024630541871922 0.9815270935960592 0.1724137931034483 0.03201970443349754