1 0.9518716577540107 0.48663101604278075 0.06149732620320856 0.1711229946524064
1 0.7312834224598931 0.43315508021390375 0.053475935828877004 0.13636363636363635
1 0.6858288770053476 0.4946524064171123 0.08021390374331551 0.13101604278074866
1 0.5935828877005348 0.3409090909090909 0.05614973262032086 0.12299465240641712
2 0.5441176470588235 0.35962566844919786 0.0748663101604278 0.14171122994652408
1 0.49331550802139035 0.48128342245989303 0.10160427807486631 0.20588235294117646
2 0.4679144385026738 0.25668449197860965 0.058823529411764705 0.11229946524064172
2 0.3783422459893048 0.22994652406417113 0.06951871657754011 0.13636363636363635
2 0.2540106951871658 0.2820855614973262 0.06684491978609626 0.12299465240641712
1 0.3048128342245989 0.4184491978609626 0.06684491978609626 0.13101604278074866
1 0.2232620320855615 0.3877005347593583 0.06951871657754011 0.15775401069518716
1 0.0481283422459893 0.2820855614973262 0.058823529411764705 0.11764705882352941
0 0.17914438502673796 0.43315508021390375 0.08823529411764706 0.16042780748663102
2 0.013368983957219251 0.31684491978609625 0.026737967914438502 0.14171122994652408
2 0.8275401069518716 0.35294117647058826 0.040106951871657755 0.07754010695187166
2 0.1270053475935829 0.2700534759358289 0.040106951871657755 0.08288770053475936
1 0.009358288770053475 0.23796791443850268 0.01871657754010695 0.0748663101604278