1 0.8942307692307693 0.46634615384615385 0.10576923076923077 0.16826923076923078
1 0.7127403846153846 0.8425480769230769 0.14903846153846154 0.1875
1 0.6911057692307693 0.6021634615384616 0.0985576923076923 0.16105769230769232
1 0.7415865384615384 0.37259615384615385 0.06490384615384616 0.0985576923076923
1 0.7019230769230769 0.32572115384615385 0.057692307692307696 0.10096153846153846
1 0.5168269230769231 0.45913461538461536 0.0673076923076923 0.11298076923076923
1 0.5048076923076923 0.3473557692307692 0.06009615384615385 0.10096153846153846
1 0.35336538461538464 0.45552884615384615 0.055288461538461536 0.08413461538461539
1 0.2439903846153846 0.5228365384615384 0.055288461538461536 0.10096153846153846
1 0.11298076923076923 0.6370192307692307 0.06490384615384616 0.14423076923076922
1 0.47475961538461536 0.3173076923076923 0.06490384615384616 0.10817307692307693