1 0.8701456310679612 0.33737864077669905 0.06796116504854369 0.08495145631067962
1 0.7378640776699029 0.1953883495145631 0.04854368932038835 0.06067961165048544
1 0.7063106796116505 0.345873786407767 0.06310679611650485 0.07281553398058252
1 0.5424757281553398 0.125 0.04854368932038835 0.055825242718446605
1 0.5109223300970874 0.17111650485436894 0.06067961165048544 0.07766990291262135
1 0.45024271844660196 0.35315533980582525 0.08009708737864078 0.10679611650485436
1 0.45145631067961167 0.0970873786407767 0.05339805825242718 0.0703883495145631
1 0.3895631067961165 0.09101941747572816 0.050970873786407765 0.06553398058252427
1 0.32402912621359226 0.24029126213592233 0.06796116504854369 0.08737864077669903
1 0.32645631067961167 0.18446601941747573 0.050970873786407765 0.06553398058252427
2 0.4878640776699029 0.10072815533980582 0.038834951456310676 0.03640776699029126
2 0.3143203883495146 0.0825242718446602 0.03398058252427184 0.050970873786407765
1 0.2949029126213592 0.02063106796116505 0.038834951456310676 0.0412621359223301
1 0.2487864077669903 0.09951456310679611 0.04854368932038835 0.050970873786407765
2 0.2633495145631068 0.012135922330097087 0.04611650485436893 0.024271844660194174
0 0.20266990291262135 0.032766990291262135 0.038834951456310676 0.05339805825242718
1 0.14563106796116504 0.01699029126213592 0.04854368932038835 0.03398058252427184
1 0.1262135922330097 0.010922330097087379 0.024271844660194174 0.021844660194174758
2 0.1662621359223301 0.013349514563106795 0.03640776699029126 0.02669902912621359