1 0.04187192118226601 0.46551724137931033 0.08374384236453201 0.14285714285714285
1 0.0603448275862069 0.312807881773399 0.04187192118226601 0.07389162561576355
1 0.09113300492610837 0.2857142857142857 0.027093596059113302 0.05172413793103448
1 0.1748768472906404 0.3435960591133005 0.04187192118226601 0.054187192118226604
1 0.20812807881773399 0.2869458128078818 0.029556650246305417 0.054187192118226604
1 0.14285714285714285 0.2561576354679803 0.024630541871921183 0.03940886699507389
1 0.27832512315270935 0.47413793103448276 0.12807881773399016 0.21674876847290642
1 0.3854679802955665 0.3620689655172414 0.027093596059113302 0.03940886699507389
1 0.2623152709359606 0.2955665024630542 0.024630541871921183 0.034482758620689655
1 0.43103448275862066 0.4396551724137931 0.04433497536945813 0.07142857142857142
1 0.5344827586206896 0.458128078817734 0.06896551724137931 0.11330049261083744
1 0.4766009852216749 0.3916256157635468 0.017241379310344827 0.03940886699507389
1 0.42857142857142855 0.3706896551724138 0.022167487684729065 0.027093596059113302
1 0.5677339901477833 0.3793103448275862 0.029556650246305417 0.04187192118226601
1 0.6908866995073891 0.4544334975369458 0.029556650246305417 0.034482758620689655
1 0.7450738916256158 0.5172413793103449 0.027093596059113302 0.04187192118226601
1 0.8251231527093597 0.5431034482758621 0.059113300492610835 0.08620689655172414
1 0.8879310344827587 0.5147783251231527 0.024630541871921183 0.04187192118226601
1 0.9901477832512315 0.6108374384236454 0.014778325123152709 0.08866995073891626
1 0.6490147783251231 0.41748768472906406 0.012315270935960592 0.022167487684729065
1 0.687192118226601 0.4039408866995074 0.017241379310344827 0.027093596059113302
1 0.7192118226600985 0.43103448275862066 0.014778325123152709 0.022167487684729065
1 0.770935960591133 0.4815270935960591 0.024630541871921183 0.04187192118226601
1 0.9605911330049262 0.5233990147783252 0.024630541871921183 0.04187192118226601
1 0.9815270935960592 0.5098522167487685 0.012315270935960592 0.027093596059113302