1 0.9228723404255319 0.5625 0.14893617021276595 0.4441489361702128
2 0.663563829787234 0.034574468085106384 0.07180851063829788 0.06914893617021277
1 0.785904255319149 0.014627659574468085 0.10372340425531915 0.02925531914893617
1 0.8351063829787234 0.06648936170212766 0.09042553191489362 0.1196808510638298
1 0.7313829787234043 0.11436170212765957 0.11702127659574468 0.15159574468085107
2 0.4521276595744681 0.23803191489361702 0.06914893617021277 0.10372340425531915
2 0.48404255319148937 0.28324468085106386 0.09840425531914894 0.125
1 0.35106382978723405 0.21010638297872342 0.09840425531914894 0.13829787234042554
1 0.1848404255319149 0.32313829787234044 0.07446808510638298 0.1196808510638298
1 0.18882978723404256 0.6037234042553191 0.13829787234042554 0.1595744680851064
1 0.043882978723404256 0.5345744680851063 0.08776595744680851 0.1276595744680851
1 0.5172872340425532 0.425531914893617 0.1196808510638298 0.16489361702127658