1 0.9027777777777778 0.030303030303030304 0.09343434343434344 0.06060606060606061
1 0.9166666666666666 0.11363636363636363 0.08838383838383838 0.12626262626262627
2 0.8055555555555556 0.03409090909090909 0.08080808080808081 0.06818181818181818
1 0.8207070707070707 0.1388888888888889 0.1111111111111111 0.16161616161616163
1 0.8535353535353535 0.6654040404040404 0.23737373737373738 0.4393939393939394
2 0.571969696969697 0.18434343434343434 0.06313131313131314 0.10101010101010101
2 0.5833333333333334 0.24116161616161616 0.09595959595959595 0.12626262626262627
1 0.5656565656565656 0.4027777777777778 0.12373737373737374 0.17676767676767677
1 0.5075757575757576 0.11868686868686869 0.09595959595959595 0.14646464646464646
1 0.3446969696969697 0.19696969696969696 0.08080808080808081 0.12373737373737374
1 0.2601010101010101 0.494949494949495 0.12121212121212122 0.15404040404040403
1 0.16540404040404041 0.37626262626262624 0.09595959595959595 0.12121212121212122