1 0.07549504950495049 0.400990099009901 0.04455445544554455 0.1188118811881188
1 0.15841584158415842 0.4207920792079208 0.054455445544554455 0.10148514851485149
1 0.2957920792079208 0.2908415841584158 0.0297029702970297 0.07920792079207921
1 0.3527227722772277 0.33292079207920794 0.05198019801980198 0.13613861386138615
1 0.3688118811881188 0.2660891089108911 0.03217821782178218 0.08663366336633663
1 0.40594059405940597 0.29455445544554454 0.04207920792079208 0.10891089108910891
1 0.452970297029703 0.4814356435643564 0.054455445544554455 0.11138613861386139
1 0.43316831683168316 0.2623762376237624 0.01485148514851485 0.07920792079207921
1 0.47896039603960394 0.26485148514851486 0.0297029702970297 0.08663366336633663
1 0.5297029702970297 0.24257425742574257 0.03217821782178218 0.09653465346534654
1 0.5643564356435643 0.23638613861386137 0.04455445544554455 0.11138613861386139
1 0.6188118811881188 0.24628712871287128 0.039603960396039604 0.0891089108910891
1 0.6571782178217822 0.26113861386138615 0.039603960396039604 0.10891089108910891
1 0.7202970297029703 0.26113861386138615 0.0594059405940594 0.11138613861386139
1 0.7301980198019802 0.11757425742574257 0.024752475247524754 0.07178217821782178
1 0.7784653465346535 0.14356435643564355 0.03712871287128713 0.09653465346534654
2 0.8168316831683168 0.12871287128712872 0.03712871287128713 0.08663366336633663
1 0.8502475247524752 0.10891089108910891 0.022277227722772276 0.06188118811881188
1 0.8935643564356436 0.08415841584158416 0.04207920792079208 0.0891089108910891
1 0.9517326732673267 0.08168316831683169 0.05198019801980198 0.10891089108910891