1 0.017676767676767676 0.22348484848484848 0.03535353535353535 0.09848484848484848
1 0.11994949494949494 0.1830808080808081 0.08080808080808081 0.09595959595959595
1 0.07196969696969698 0.2777777777777778 0.04040404040404041 0.05555555555555555
1 0.2196969696969697 0.23106060606060605 0.05303030303030303 0.0707070707070707
1 0.2967171717171717 0.2196969696969697 0.07828282828282829 0.1111111111111111
1 0.4078282828282828 0.24116161616161616 0.08080808080808081 0.11616161616161616
1 0.5808080808080808 0.24242424242424243 0.06313131313131314 0.11363636363636363
1 0.7133838383838383 0.2222222222222222 0.07323232323232323 0.10606060606060606
1 0.5025252525252525 0.3244949494949495 0.020202020202020204 0.030303030303030304
1 0.9002525252525253 0.34595959595959597 0.020202020202020204 0.030303030303030304
1 0.8901515151515151 0.3522727272727273 0.027777777777777776 0.03787878787878788