1 0.06613756613756613 0.5595238095238095 0.10317460317460317 0.23015873015873015
1 0.2857142857142857 0.35714285714285715 0.11904761904761904 0.16666666666666666
1 0.10052910052910052 0.2698412698412698 0.06613756613756613 0.10052910052910052
1 0.39021164021164023 0.10449735449735449 0.05555555555555555 0.10052910052910052
1 0.49074074074074076 0.3531746031746032 0.07142857142857142 0.11904761904761904
1 0.5727513227513228 0.27645502645502645 0.05026455026455026 0.10582010582010581
1 0.6785714285714286 0.2830687830687831 0.047619047619047616 0.11904761904761904
1 0.5833333333333334 0.48677248677248675 0.082010582010582 0.13756613756613756
1 0.5727513227513228 0.7208994708994709 0.082010582010582 0.15608465608465608
1 0.798941798941799 0.44576719576719576 0.08994708994708994 0.12433862433862433
1 0.6997354497354498 0.04365079365079365 0.03968253968253968 0.0873015873015873
1 0.9285714285714286 0.10846560846560846 0.05026455026455026 0.05555555555555555
1 0.5436507936507936 0.1111111111111111 0.0291005291005291 0.07407407407407407