1 0.055989583333333336 0.3736979166666667 0.0703125 0.13541666666666666
1 0.13151041666666666 0.4296875 0.059895833333333336 0.1171875
1 0.3333333333333333 0.3802083333333333 0.07552083333333333 0.14322916666666666
1 0.3958333333333333 0.34765625 0.057291666666666664 0.10677083333333333
1 0.4010416666666667 0.6002604166666666 0.07291666666666667 0.12760416666666666
1 0.53125 0.3190104166666667 0.044270833333333336 0.10416666666666667
1 0.5651041666666666 0.328125 0.059895833333333336 0.12239583333333333
1 0.61328125 0.3580729166666667 0.057291666666666664 0.10677083333333333
1 0.6484375 0.390625 0.057291666666666664 0.1171875
1 0.7096354166666666 0.4088541666666667 0.078125 0.140625
1 0.7877604166666666 0.2786458333333333 0.049479166666666664 0.09895833333333333
2 0.8333333333333334 0.2734375 0.049479166666666664 0.08854166666666667
1 0.91796875 0.24479166666666666 0.057291666666666664 0.1171875
1 0.96875 0.2643229166666667 0.057291666666666664 0.1328125
1 0.29296875 0.3098958333333333 0.049479166666666664 0.09895833333333333
1 0.47265625 0.3372395833333333 0.046875 0.0859375
1 0.3671875 0.3020833333333333 0.049479166666666664 0.08854166666666667
1 0.8671875 0.2682291666666667 0.033854166666666664 0.0703125