2 0.1556372549019608 0.3394607843137255 0.09313725490196079 0.1323529411764706
1 0.30637254901960786 0.2622549019607843 0.061274509803921566 0.0857843137254902
1 0.34558823529411764 0.2549019607843137 0.049019607843137254 0.06372549019607843
1 0.4215686274509804 0.21691176470588236 0.051470588235294115 0.0784313725490196
1 0.23039215686274508 0.4693627450980392 0.09558823529411764 0.12990196078431374
1 0.3014705882352941 0.5649509803921569 0.14215686274509803 0.20098039215686275
1 0.46691176470588236 0.22058823529411764 0.0392156862745098 0.058823529411764705
1 0.4840686274509804 0.25 0.049019607843137254 0.0661764705882353
1 0.5379901960784313 0.2916666666666667 0.07107843137254902 0.12745098039215685
1 0.6274509803921569 0.1948529411764706 0.049019607843137254 0.09068627450980392
1 0.6997549019607843 0.3860294117647059 0.125 0.16666666666666666
1 0.8014705882352942 0.7708333333333334 0.23529411764705882 0.30392156862745096
1 0.8406862745098039 0.20955882352941177 0.08333333333333333 0.11029411764705882