1 0.806930693069307 0.19306930693069307 0.07178217821782178 0.10891089108910891
1 0.03341584158415842 0.1448019801980198 0.0594059405940594 0.07673267326732673
1 0.6014851485148515 0.19801980198019803 0.05693069306930693 0.08415841584158416
1 0.6831683168316832 0.3094059405940594 0.039603960396039604 0.0594059405940594
0 0.9170792079207921 0.33663366336633666 0.05693069306930693 0.0891089108910891
0 0.42945544554455445 0.1806930693069307 0.06435643564356436 0.11633663366336634
0 0.07054455445544554 0.22277227722772278 0.06683168316831684 0.10643564356435643
2 0.15346534653465346 0.24876237623762376 0.06435643564356436 0.09900990099009901
2 0.18316831683168316 0.18935643564356436 0.04455445544554455 0.06930693069306931
2 0.3193069306930693 0.21658415841584158 0.04950495049504951 0.06930693069306931
2 0.5594059405940595 0.2141089108910891 0.04950495049504951 0.07178217821782178
2 0.6782178217821783 0.16336633663366337 0.05693069306930693 0.07673267326732673