0 0.918848167539267 0.45287958115183247 0.15706806282722513 0.2931937172774869
1 0.6570680628272252 0.6557591623036649 0.193717277486911 0.27225130890052357
1 0.574607329842932 0.7827225130890052 0.11780104712041885 0.2094240837696335
1 0.443717277486911 0.824607329842932 0.18848167539267016 0.27225130890052357
1 0.2709424083769634 0.7735602094240838 0.1387434554973822 0.2094240837696335
1 0.3612565445026178 0.43455497382198954 0.10471204188481675 0.15968586387434555
1 0.2787958115183246 0.39790575916230364 0.10471204188481675 0.14659685863874344
1 0.49214659685863876 0.32591623036649214 0.07329842931937172 0.112565445026178
1 0.4214659685863874 0.2774869109947644 0.08376963350785341 0.11518324607329843
1 0.35340314136125656 0.16099476439790575 0.05759162303664921 0.08376963350785341
1 0.25785340314136124 0.14790575916230367 0.0549738219895288 0.08115183246073299
1 0.4175392670157068 0.1400523560209424 0.0549738219895288 0.08115183246073299
1 0.35471204188481675 0.09162303664921466 0.04450261780104712 0.060209424083769635
1 0.2801047120418848 0.08638743455497382 0.049738219895287955 0.060209424083769635
1 0.1793193717277487 0.08507853403141362 0.04712041884816754 0.05235602094240838
1 0.009162303664921465 0.10471204188481675 0.01832460732984293 0.04712041884816754