1 0.6732673267326733 0.12376237623762376 0.10643564356435643 0.11633663366336634
1 0.007425742574257425 0.24628712871287128 0.01485148514851485 0.08663366336633663
1 0.49257425742574257 0.17202970297029702 0.08168316831683169 0.0891089108910891
1 0.6039603960396039 0.2698019801980198 0.054455445544554455 0.06435643564356436
0 0.8242574257425742 0.24752475247524752 0.08168316831683169 0.09158415841584158
0 0.3341584158415842 0.1943069306930693 0.09653465346534654 0.1188118811881188
0 0.039603960396039604 0.3193069306930693 0.07920792079207921 0.1188118811881188
2 0.11138613861386139 0.32673267326732675 0.09405940594059406 0.10396039603960396
2 0.11757425742574257 0.2561881188118812 0.06435643564356436 0.07178217821782178
2 0.24628712871287128 0.25495049504950495 0.07425742574257425 0.07425742574257425
2 0.4603960396039604 0.19801980198019803 0.07178217821782178 0.07673267326732673
2 0.5482673267326733 0.12128712871287128 0.08168316831683169 0.08168316831683169