2 0.9007731958762887 0.39304123711340205 0.12628865979381443 0.17010309278350516
2 0.6649484536082474 0.16494845360824742 0.059278350515463915 0.10051546391752578
2 0.49742268041237114 0.09922680412371133 0.06958762886597938 0.1056701030927835
1 0.45489690721649484 0.11855670103092783 0.1056701030927835 0.16494845360824742
2 0.6275773195876289 0.2809278350515464 0.11082474226804123 0.14690721649484537
1 0.6597938144329897 0.4420103092783505 0.14948453608247422 0.22164948453608246
2 0.8427835051546392 0.5463917525773195 0.1056701030927835 0.11597938144329897
0 0.9432989690721649 0.9587628865979382 0.10824742268041238 0.07731958762886598
0 0.7268041237113402 0.5966494845360825 0.14690721649484537 0.2268041237113402
0 0.5399484536082474 0.46649484536082475 0.20876288659793815 0.29896907216494845
2 0.35695876288659795 0.1713917525773196 0.08247422680412371 0.12371134020618557
1 0.3131443298969072 0.18427835051546393 0.12628865979381443 0.18814432989690721
1 0.09922680412371133 0.11211340206185567 0.18814432989690721 0.22422680412371135
1 0.28865979381443296 0.5889175257731959 0.22938144329896906 0.33505154639175255