1 0.017287234042553192 0.9202127659574468 0.034574468085106384 0.15425531914893617
0 0.047872340425531915 0.839095744680851 0.0797872340425532 0.13829787234042554
2 0.0398936170212766 0.5904255319148937 0.061170212765957445 0.10372340425531915
1 0.06648936170212766 0.45478723404255317 0.061170212765957445 0.1356382978723404
1 0.02127659574468085 0.43351063829787234 0.0425531914893617 0.11170212765957446
2 0.15159574468085107 0.12367021276595745 0.07712765957446809 0.08776595744680851
1 0.3816489361702128 0.0851063829787234 0.07712765957446809 0.12234042553191489
1 0.28191489361702127 0.31117021276595747 0.0797872340425532 0.10904255319148937
1 0.21941489361702127 0.5678191489361702 0.06648936170212766 0.1356382978723404
1 0.2154255319148936 0.9680851063829787 0.10638297872340426 0.05851063829787234
1 0.4228723404255319 0.7792553191489362 0.09042553191489362 0.125
1 0.449468085106383 0.8577127659574468 0.10638297872340426 0.15425531914893617
1 0.4933510638297872 0.4295212765957447 0.0851063829787234 0.14361702127659576
1 0.5226063829787234 0.26063829787234044 0.09042553191489362 0.13031914893617022
1 0.5691489361702128 0.11436170212765957 0.08244680851063829 0.11170212765957446
1 0.6289893617021277 0.4627659574468085 0.06914893617021277 0.12234042553191489
1 0.7167553191489362 0.2074468085106383 0.0797872340425532 0.1356382978723404
1 0.8111702127659575 0.18218085106382978 0.0851063829787234 0.14361702127659576
1 0.9029255319148937 0.5558510638297872 0.09840425531914894 0.11170212765957446
1 0.9468085106382979 0.22872340425531915 0.0851063829787234 0.125
1 0.913563829787234 0.08643617021276596 0.06648936170212766 0.11170212765957446
1 0.9441489361702128 0.005319148936170213 0.06914893617021277 0.010638297872340425