1 0.9012820512820513 0.6717948717948717 0.19230769230769232 0.4307692307692308
1 0.7602564102564102 0.5743589743589743 0.12564102564102564 0.2564102564102564
2 0.7615384615384615 0.3346153846153846 0.08205128205128205 0.14358974358974358
1 0.6192307692307693 0.5089743589743589 0.1076923076923077 0.19487179487179487
2 0.5807692307692308 0.3576923076923077 0.041025641025641026 0.16153846153846155
1 0.49230769230769234 0.4512820512820513 0.13333333333333333 0.2846153846153846
1 0.38846153846153847 0.47692307692307695 0.1076923076923077 0.24615384615384617
2 0.41025641025641024 0.18205128205128204 0.05384615384615385 0.11282051282051282
1 0.191025641025641 0.31666666666666665 0.06153846153846154 0.10512820512820513
1 0.1423076923076923 0.2987179487179487 0.06923076923076923 0.1358974358974359
1 0.30641025641025643 0.3923076923076923 0.06153846153846154 0.11282051282051282
1 0.24102564102564103 0.5128205128205128 0.08974358974358974 0.19230769230769232
1 0.04871794871794872 0.5858974358974359 0.08461538461538462 0.18461538461538463
1 0.18205128205128204 0.9564102564102565 0.17435897435897435 0.08205128205128205
1 0.6653846153846154 0.0782051282051282 0.041025641025641026 0.07692307692307693
2 0.4935897435897436 0.15897435897435896 0.035897435897435895 0.09743589743589744
2 0.31794871794871793 0.11923076923076924 0.041025641025641026 0.0641025641025641