0 0.12179487179487179 0.25769230769230766 0.14871794871794872 0.2153846153846154
2 0.26666666666666666 0.11153846153846154 0.08205128205128205 0.1
1 0.38974358974358975 0.18461538461538463 0.05897435897435897 0.10256410256410256
1 0.4461538461538462 0.3217948717948718 0.10512820512820513 0.1564102564102564
1 0.26153846153846155 0.7756410256410257 0.2717948717948718 0.3717948717948718
1 0.591025641025641 0.6564102564102564 0.2564102564102564 0.36923076923076925
1 0.6653846153846154 0.3435897435897436 0.1282051282051282 0.19487179487179487
1 0.5423076923076923 0.2076923076923077 0.09230769230769231 0.1358974358974359
2 0.9 0.1371794871794872 0.1076923076923077 0.1564102564102564
1 0.982051282051282 0.04487179487179487 0.03076923076923077 0.08974358974358974
1 0.9884615384615385 0.1717948717948718 0.017948717948717947 0.1794871794871795
1 0.841025641025641 0.4782051282051282 0.14871794871794872 0.2230769230769231