1 0.023514851485148515 0.42574257425742573 0.04702970297029703 0.09900990099009901
1 0.07920792079207921 0.39232673267326734 0.05198019801980198 0.08663366336633663
1 0.18564356435643564 0.40717821782178215 0.05693069306930693 0.08663366336633663
1 0.28094059405940597 0.3948019801980198 0.04950495049504951 0.07673267326732673
1 0.3465346534653465 0.4245049504950495 0.05198019801980198 0.09900990099009901
1 0.4876237623762376 0.4628712871287129 0.05198019801980198 0.0891089108910891
1 0.504950495049505 0.42574257425742573 0.03217821782178218 0.10396039603960396
1 0.620049504950495 0.45173267326732675 0.0297029702970297 0.0594059405940594
1 0.6881188118811881 0.35148514851485146 0.06188118811881188 0.11138613861386139
1 0.8737623762376238 0.4034653465346535 0.06930693069306931 0.10891089108910891
1 0.9938118811881188 0.44925742574257427 0.007425742574257425 0.09158415841584158
1 0.9344059405940595 0.4306930693069307 0.05693069306930693 0.09405940594059406
2 0.6448019801980198 0.46410891089108913 0.039603960396039604 0.08663366336633663
2 0.41089108910891087 0.47896039603960394 0.04950495049504951 0.0891089108910891
2 0.25866336633663367 0.43564356435643564 0.05693069306930693 0.09900990099009901