1 0.9193548387096774 0.043010752688172046 0.05913978494623656 0.08602150537634409
1 0.9247311827956989 0.08602150537634409 0.07795698924731183 0.09946236559139784
1 0.7204301075268817 0.6411290322580645 0.1586021505376344 0.20161290322580644
1 0.6061827956989247 0.5094086021505376 0.12634408602150538 0.18010752688172044
1 0.6451612903225806 0.2661290322580645 0.11290322580645161 0.16129032258064516
1 0.6370967741935484 0.01881720430107527 0.05913978494623656 0.03763440860215054
1 0.553763440860215 0.19086021505376344 0.11021505376344086 0.15591397849462366
1 0.4274193548387097 0.3897849462365591 0.12634408602150538 0.17473118279569894
1 0.44489247311827956 0.1814516129032258 0.11559139784946236 0.15591397849462366
2 0.41263440860215056 0.043010752688172046 0.05913978494623656 0.08602150537634409
1 0.33198924731182794 0.07661290322580645 0.07526881720430108 0.10752688172043011