1 0.3423076923076923 0.13333333333333333 0.038461538461538464 0.07435897435897436
1 0.30128205128205127 0.18205128205128204 0.05641025641025641 0.07948717948717948
1 0.12435897435897436 0.7051282051282052 0.11794871794871795 0.1641025641025641
1 0.3346153846153846 0.5666666666666667 0.09230769230769231 0.14871794871794872
1 0.4653846153846154 0.3333333333333333 0.07948717948717948 0.13076923076923078
1 0.5038461538461538 0.03717948717948718 0.028205128205128206 0.041025641025641026
1 0.5615384615384615 0.05 0.02564102564102564 0.05128205128205128
1 0.6615384615384615 0.06923076923076923 0.04358974358974359 0.05641025641025641
1 0.6115384615384616 0.2512820512820513 0.07692307692307693 0.12564102564102564
1 0.6051282051282051 0.43205128205128207 0.09230769230769231 0.14102564102564102
1 0.732051282051282 0.23205128205128206 0.08205128205128205 0.12564102564102564
2 0.8576923076923076 0.09487179487179487 0.04358974358974359 0.06923076923076923
1 0.9217948717948717 0.11923076923076924 0.05128205128205128 0.08974358974358974
1 0.9205128205128205 0.020512820512820513 0.046153846153846156 0.041025641025641026
1 0.9782051282051282 0.014102564102564103 0.038461538461538464 0.028205128205128206