0 0.12698412698412698 0.4748677248677249 0.21428571428571427 0.3862433862433862
1 0.414021164021164 0.6521164021164021 0.18783068783068782 0.373015873015873
1 0.4933862433862434 0.7777777777777778 0.12169312169312169 0.2777777777777778
1 0.6190476190476191 0.8055555555555556 0.19047619047619047 0.3412698412698413
1 0.8002645502645502 0.7063492063492064 0.14285714285714285 0.29365079365079366
1 0.7222222222222222 0.32671957671957674 0.10052910052910052 0.20899470899470898
1 0.8042328042328042 0.27116402116402116 0.09788359788359788 0.17724867724867724
1 0.5965608465608465 0.22883597883597884 0.07142857142857142 0.15343915343915343
1 0.6653439153439153 0.15211640211640212 0.07671957671957672 0.14285714285714285
1 0.5383597883597884 0.31216931216931215 0.09523809523809523 0.14814814814814814
1 0.7407407407407407 0.03042328042328042 0.06349206349206349 0.06084656084656084
1 0.8373015873015873 0.007936507936507936 0.06084656084656084 0.015873015873015872
1 0.6772486772486772 0.02513227513227513 0.0582010582010582 0.05026455026455026