1 0.8128140703517588 0.1670854271356784 0.07035175879396985 0.10552763819095477
1 0.585427135678392 0.2185929648241206 0.09045226130653267 0.13819095477386933
1 0.40703517587939697 0.2751256281407035 0.07788944723618091 0.11809045226130653
2 0.22236180904522612 0.33668341708542715 0.0728643216080402 0.10050251256281408
2 0.02763819095477387 0.43090452261306533 0.05527638190954774 0.10301507537688442
2 0.32537688442211055 0.06909547738693467 0.02763819095477387 0.05025125628140704
2 0.39195979899497485 0.06155778894472362 0.017587939698492462 0.04020100502512563
2 0.1407035175879397 0.2185929648241206 0.01507537688442211 0.032663316582914576
2 0.21608040201005024 0.18969849246231155 0.017587939698492462 0.03015075376884422
2 0.2562814070351759 0.16959798994974876 0.017587939698492462 0.03015075376884422
1 0.535175879396985 0.06030150753768844 0.02512562814070352 0.04020100502512563
2 0.6092964824120602 0.05402010050251256 0.017587939698492462 0.03015075376884422