1 0.9479166666666666 0.5559895833333334 0.09895833333333333 0.22135416666666666
1 0.9765625 0.20572916666666666 0.041666666666666664 0.18229166666666666
1 0.9283854166666666 0.07682291666666667 0.08072916666666667 0.15364583333333334
1 0.82421875 0.4947916666666667 0.0859375 0.20833333333333334
1 0.8919270833333334 0.3736979166666667 0.07291666666666667 0.16666666666666666
1 0.70703125 0.6041666666666666 0.08072916666666667 0.2421875
1 0.765625 0.9388020833333334 0.11979166666666667 0.1171875
1 0.5989583333333334 0.9114583333333334 0.140625 0.171875
1 0.6158854166666666 0.3671875 0.09114583333333333 0.21354166666666666
1 0.7018229166666666 0.22526041666666666 0.08072916666666667 0.1796875
1 0.4791666666666667 0.4075520833333333 0.078125 0.1796875
1 0.4348958333333333 0.8502604166666666 0.10677083333333333 0.19791666666666666
1 0.3841145833333333 0.6471354166666666 0.08333333333333333 0.21875
1 0.4166666666666667 0.3619791666666667 0.0859375 0.203125
1 0.35546875 0.15625 0.07291666666666667 0.16666666666666666
2 0.4921875 0.10026041666666667 0.059895833333333336 0.11979166666666667
1 0.23828125 0.48828125 0.07552083333333333 0.1796875
1 0.19010416666666666 0.7786458333333334 0.1171875 0.2526041666666667
1 0.13411458333333334 0.7552083333333334 0.07552083333333333 0.19010416666666666
1 0.036458333333333336 0.5703125 0.07291666666666667 0.23958333333333334
1 0.06901041666666667 0.28515625 0.08072916666666667 0.18489583333333334
1 0.052083333333333336 0.1328125 0.06770833333333333 0.11458333333333333
1 0.1484375 0.4427083333333333 0.0859375 0.17447916666666666
1 0.024739583333333332 0.94921875 0.049479166666666664 0.09635416666666667