1 0.9558080808080808 0.12878787878787878 0.08333333333333333 0.18181818181818182
1 0.9015151515151515 0.14393939393939395 0.04292929292929293 0.05555555555555555
1 0.7525252525252525 0.14772727272727273 0.08585858585858586 0.13131313131313133
1 0.6982323232323232 0.20075757575757575 0.05555555555555555 0.09343434343434344
1 0.5012626262626263 0.2840909090909091 0.05808080808080808 0.09343434343434344
2 0.4532828282828283 0.2537878787878788 0.05808080808080808 0.10101010101010101
1 0.3977272727272727 0.3409090909090909 0.06565656565656566 0.10101010101010101
1 0.21717171717171718 0.42424242424242425 0.08080808080808081 0.12121212121212122
2 0.63510101010101 0.3068181818181818 0.04040404040404041 0.050505050505050504
1 0.06439393939393939 0.35984848484848486 0.030303030303030304 0.04040404040404041
1 0.3194444444444444 0.2878787878787879 0.04040404040404041 0.06060606060606061