0 0.907258064516129 0.4905913978494624 0.18010752688172044 0.2768817204301075
1 0.5416666666666666 0.7217741935483871 0.22311827956989247 0.2553763440860215
1 0.3978494623655914 0.8588709677419355 0.13172043010752688 0.20161290322580644
1 0.24059139784946237 0.8911290322580645 0.21774193548387097 0.21236559139784947
1 0.0846774193548387 0.8723118279569892 0.1586021505376344 0.1989247311827957
1 0.33736559139784944 0.5147849462365591 0.11559139784946236 0.1532258064516129
1 0.2701612903225806 0.4838709677419355 0.12096774193548387 0.13709677419354838
1 0.5241935483870968 0.3951612903225806 0.08333333333333333 0.11021505376344086
1 0.47580645161290325 0.3467741935483871 0.09946236559139784 0.11021505376344086
1 0.4596774193548387 0.2325268817204301 0.06451612903225806 0.08064516129032258
1 0.36693548387096775 0.2271505376344086 0.06451612903225806 0.07526881720430108
1 0.5349462365591398 0.20698924731182797 0.06451612903225806 0.07526881720430108
1 0.4905913978494624 0.16263440860215053 0.04838709677419355 0.056451612903225805
1 0.41801075268817206 0.16129032258064516 0.056451612903225805 0.056451612903225805
1 0.3131720430107527 0.1693548387096774 0.056451612903225805 0.04838709677419355
1 0.11424731182795698 0.20026881720430106 0.043010752688172046 0.04032258064516129