1 0.1875 0.29411764705882354 0.049019607843137254 0.09803921568627451
0 0.2928921568627451 0.30392156862745096 0.051470588235294115 0.08333333333333333
1 0.2340686274509804 0.12009803921568628 0.06862745098039216 0.12745098039215685
1 0.3431372549019608 0.14705882352941177 0.058823529411764705 0.11274509803921569
1 0.36519607843137253 0.21323529411764705 0.05392156862745098 0.09068627450980392
1 0.5061274509803921 0.22058823529411764 0.06372549019607843 0.10049019607843138
1 0.5563725490196079 0.23284313725490197 0.061274509803921566 0.10049019607843138
1 0.6495098039215687 0.30637254901960786 0.03431372549019608 0.06372549019607843
1 0.6654411764705882 0.25245098039215685 0.06862745098039216 0.10049019607843138
1 0.7463235294117647 0.2867647058823529 0.058823529411764705 0.08823529411764706
1 0.7830882352941176 0.29044117647058826 0.051470588235294115 0.09068627450980392