1 0.03333333333333333 0.2743589743589744 0.06153846153846154 0.11282051282051282
1 0.1282051282051282 0.3269230769230769 0.06923076923076923 0.09743589743589744
1 0.24871794871794872 0.2423076923076923 0.041025641025641026 0.07435897435897436
1 0.3192307692307692 0.31025641025641026 0.07179487179487179 0.1282051282051282
1 0.3230769230769231 0.24358974358974358 0.04358974358974359 0.07948717948717948
1 0.36923076923076925 0.28974358974358977 0.05897435897435897 0.1
1 0.4653846153846154 0.5051282051282051 0.07179487179487179 0.11025641025641025
1 0.3923076923076923 0.2653846153846154 0.02564102564102564 0.07435897435897436
1 0.44358974358974357 0.2858974358974359 0.041025641025641026 0.07948717948717948
1 0.49230769230769234 0.2833333333333333 0.04358974358974359 0.08974358974358974
1 0.5282051282051282 0.29102564102564105 0.06153846153846154 0.1076923076923077
1 0.591025641025641 0.32051282051282054 0.05384615384615385 0.08717948717948718
1 0.6371794871794871 0.35 0.05641025641025641 0.1
1 0.7064102564102565 0.37564102564102564 0.07435897435897436 0.11025641025641025
1 0.6807692307692308 0.22692307692307692 0.03333333333333333 0.06923076923076923
1 0.7435897435897436 0.27307692307692305 0.05128205128205128 0.09230769230769231
2 0.7807692307692308 0.27307692307692305 0.05128205128205128 0.07948717948717948
1 0.8141025641025641 0.2641025641025641 0.03076923076923077 0.05897435897435897
1 0.8538461538461538 0.2551282051282051 0.05641025641025641 0.08717948717948718
1 0.9192307692307692 0.27564102564102566 0.06666666666666667 0.10256410256410256