2 0.11928934010152284 0.3680203045685279 0.09390862944162437 0.13705583756345177
2 0.08121827411167512 0.22081218274111675 0.08375634517766498 0.10913705583756345
1 0.14974619289340102 0.21192893401015228 0.07360406091370558 0.09390862944162437
2 0.23223350253807107 0.28553299492385786 0.07106598984771574 0.10406091370558376
1 0.23857868020304568 0.21065989847715735 0.06345177664974619 0.10913705583756345
2 0.14086294416243655 0.12436548223350254 0.07614213197969544 0.12690355329949238
1 0.1751269035532995 0.5647208121827412 0.07614213197969544 0.18781725888324874
2 0.2614213197969543 0.6345177664974619 0.10913705583756345 0.18781725888324874
2 0.36928934010152287 0.7626903553299492 0.10913705583756345 0.20050761421319796
1 0.5063451776649747 0.8642131979695431 0.1446700507614213 0.2436548223350254
1 0.3895939086294416 0.48350253807106597 0.09644670050761421 0.16751269035532995
1 0.33248730964467005 0.30583756345177665 0.08883248730964467 0.116751269035533
2 0.27284263959390864 0.12309644670050761 0.05583756345177665 0.08629441624365482
1 0.3730964467005076 0.15101522842639595 0.06345177664974619 0.12436548223350254
1 0.3743654822335025 0.20812182741116753 0.04568527918781726 0.10913705583756345
1 0.42258883248730966 0.15609137055837563 0.06091370558375635 0.10913705583756345
2 0.46954314720812185 0.11040609137055837 0.0583756345177665 0.10406091370558376
2 0.5456852791878173 0.19796954314720813 0.08883248730964467 0.14213197969543148
1 0.4631979695431472 0.43147208121827413 0.08121827411167512 0.13705583756345177
1 0.5152284263959391 0.6154822335025381 0.09390862944162437 0.13451776649746192
1 0.5850253807106599 0.5088832487309645 0.09390862944162437 0.16751269035532995
2 0.600253807106599 0.8058375634517766 0.06345177664974619 0.13705583756345177
2 0.5609137055837563 0.8388324873096447 0.06852791878172589 0.19796954314720813
1 0.7766497461928934 0.9137055837563451 0.13705583756345177 0.16751269035532995
1 0.6890862944162437 0.5761421319796954 0.10406091370558376 0.16243654822335024
1 0.8236040609137056 0.8261421319796954 0.08121827411167512 0.19543147208121828
1 0.6725888324873096 0.41751269035532995 0.07360406091370558 0.1218274111675127
1 0.7944162436548223 0.5571065989847716 0.08375634517766498 0.14213197969543148
2 0.5774111675126904 0.11421319796954314 0.07360406091370558 0.116751269035533
2 0.6142131979695431 0.24111675126903553 0.0583756345177665 0.08121827411167512
2 0.6357868020304569 0.15228426395939088 0.06345177664974619 0.09644670050761421
1 0.7220812182741116 0.13324873096446702 0.050761421319796954 0.10406091370558376
2 0.7068527918781726 0.26776649746192893 0.06345177664974619 0.10406091370558376
1 0.8743654822335025 0.549492385786802 0.09898477157360407 0.10406091370558376
2 0.9720812182741116 0.8096446700507615 0.050761421319796954 0.16751269035532995