1 0.04247572815533981 0.39441747572815533 0.024271844660194174 0.055825242718446605
1 0.1262135922330097 0.4720873786407767 0.038834951456310676 0.0825242718446602
1 0.17718446601941748 0.46116504854368934 0.06796116504854369 0.14320388349514562
1 0.22694174757281554 0.44660194174757284 0.03640776699029126 0.0825242718446602
1 0.308252427184466 0.6395631067961165 0.0703883495145631 0.1262135922330097
1 0.04611650485436893 0.32645631067961167 0.014563106796116505 0.02669902912621359
1 0.09344660194174757 0.33495145631067963 0.01699029126213592 0.03398058252427184
1 0.11650485436893204 0.3483009708737864 0.02669902912621359 0.043689320388349516
1 0.1383495145631068 0.34951456310679613 0.019417475728155338 0.038834951456310676
1 0.2949029126213592 0.3907766990291262 0.02912621359223301 0.06067961165048544
1 0.3179611650485437 0.41504854368932037 0.019417475728155338 0.038834951456310676
1 0.3325242718446602 0.47815533980582525 0.03155339805825243 0.04854368932038835
1 0.3604368932038835 0.37985436893203883 0.01699029126213592 0.038834951456310676
1 0.4429611650485437 0.46359223300970875 0.03155339805825243 0.04854368932038835
1 0.41140776699029125 0.6286407766990292 0.03398058252427184 0.06067961165048544
1 0.4975728155339806 0.46480582524271846 0.024271844660194174 0.0703883495145631
1 0.5364077669902912 0.5072815533980582 0.03640776699029126 0.07766990291262135
1 0.5182038834951457 0.6274271844660194 0.050970873786407765 0.15776699029126215
1 0.4696601941747573 0.36771844660194175 0.021844660194174758 0.043689320388349516
1 0.42597087378640774 0.3640776699029126 0.02669902912621359 0.043689320388349516
1 0.6432038834951457 0.5339805825242718 0.04611650485436893 0.07766990291262135
1 0.5788834951456311 0.45024271844660196 0.02669902912621359 0.043689320388349516
1 0.6856796116504854 0.4053398058252427 0.01699029126213592 0.038834951456310676
1 0.6759708737864077 0.3640776699029126 0.01699029126213592 0.03398058252427184
1 0.7706310679611651 0.7512135922330098 0.15048543689320387 0.2936893203883495
1 0.9696601941747572 0.5121359223300971 0.04611650485436893 0.10922330097087378
1 0.8786407766990292 0.529126213592233 0.02912621359223301 0.06067961165048544
1 0.06553398058252427 0.5097087378640777 0.021844660194174758 0.043689320388349516
1 0.06310679611650485 0.32281553398058255 0.01699029126213592 0.03398058252427184