1 0.08545918367346939 0.7244897959183674 0.08418367346938775 0.1836734693877551
1 0.2857142857142857 0.5854591836734694 0.07142857142857142 0.14795918367346939
1 0.350765306122449 0.6147959183673469 0.09183673469387756 0.14795918367346939
1 0.39285714285714285 0.45535714285714285 0.07142857142857142 0.1377551020408163
2 0.4477040816326531 0.4489795918367347 0.08928571428571429 0.16071428571428573
1 0.5318877551020408 0.5216836734693877 0.12755102040816327 0.22959183673469388
2 0.4872448979591837 0.3354591836734694 0.07142857142857142 0.125
2 0.5676020408163265 0.2729591836734694 0.08418367346938775 0.15051020408163265
2 0.7066326530612245 0.2614795918367347 0.07908163265306123 0.14030612244897958
1 0.6951530612244898 0.3903061224489796 0.07908163265306123 0.14540816326530612
1 0.7665816326530612 0.33290816326530615 0.08673469387755102 0.17857142857142858
1 0.9068877551020408 0.17219387755102042 0.07397959183673469 0.1326530612244898
0 0.8227040816326531 0.3482142857142857 0.10714285714285714 0.18112244897959184
2 0.9655612244897959 0.16709183673469388 0.06377551020408163 0.16071428571428573
2 0.16709183673469388 0.5650510204081632 0.04846938775510204 0.08673469387755102
2 0.8239795918367347 0.19642857142857142 0.04846938775510204 0.09183673469387756
1 0.9413265306122449 0.11479591836734694 0.04336734693877551 0.07908163265306123