1 0.05851063829787234 0.4162234042553192 0.08244680851063829 0.10638297872340426
1 0.1449468085106383 0.38430851063829785 0.08244680851063829 0.09840425531914894
1 0.24867021276595744 0.39893617021276595 0.09042553191489362 0.09840425531914894
1 0.35904255319148937 0.386968085106383 0.07712765957446809 0.08776595744680851
1 0.4095744680851064 0.4175531914893617 0.0851063829787234 0.11170212765957446
1 0.535904255319149 0.45611702127659576 0.08244680851063829 0.10372340425531915
1 0.5771276595744681 0.41888297872340424 0.06648936170212766 0.11170212765957446
1 0.6835106382978723 0.4454787234042553 0.05053191489361702 0.06382978723404255
1 0.8178191489361702 0.3404255319148936 0.10372340425531915 0.1276595744680851
1 0.9654255319148937 0.39361702127659576 0.06382978723404255 0.1276595744680851
2 0.7021276595744681 0.4574468085106383 0.06914893617021277 0.09574468085106383
2 0.44148936170212766 0.4747340425531915 0.0797872340425532 0.10106382978723404
2 0.3071808510638298 0.4308510638297872 0.09308510638297872 0.11170212765957446