2 0.947560975609756 0.33414634146341465 0.1 0.1902439024390244
2 0.9670731707317073 0.024390243902439025 0.06097560975609756 0.04878048780487805
1 0.9243902439024391 0.01707317073170732 0.07317073170731707 0.03414634146341464
1 0.7646341463414634 0.020731707317073172 0.08048780487804878 0.041463414634146344
2 0.8378048780487805 0.04878048780487805 0.0951219512195122 0.0975609756097561
2 0.7780487804878049 0.19878048780487806 0.05853658536585366 0.1
2 0.7951219512195122 0.3804878048780488 0.1073170731707317 0.17073170731707318
2 0.8341463414634146 0.5231707317073171 0.13170731707317074 0.14878048780487804
1 0.7439024390243902 0.7792682926829269 0.16341463414634147 0.2951219512195122
2 0.625609756097561 0.6085365853658536 0.17317073170731706 0.21707317073170732
2 0.7012195121951219 0.3146341463414634 0.11463414634146342 0.16585365853658537
2 0.7134146341463414 0.08048780487804878 0.09024390243902439 0.1
2 0.6170731707317073 0.12560975609756098 0.08048780487804878 0.11951219512195121
1 0.5609756097560976 0.10609756097560975 0.09024390243902439 0.13170731707317074
1 0.5365853658536586 0.34146341463414637 0.11219512195121951 0.17073170731707318
2 0.4682926829268293 0.27926829268292686 0.07804878048780488 0.13414634146341464
2 0.4268292682926829 0.14878048780487804 0.0975609756097561 0.15609756097560976
2 0.3207317073170732 0.18048780487804877 0.08292682926829269 0.1048780487804878
2 0.28780487804878047 0.34146341463414637 0.07804878048780488 0.11951219512195121
1 0.32926829268292684 0.4817073170731707 0.12682926829268293 0.2048780487804878
2 0.3439024390243902 0.7048780487804878 0.11463414634146342 0.17073170731707318
1 0.20365853658536584 0.875609756097561 0.12682926829268293 0.1878048780487805
1 0.16829268292682928 0.6 0.11219512195121951 0.18536585365853658
2 0.18048780487804877 0.2597560975609756 0.07560975609756097 0.12682926829268293
2 0.08536585365853659 0.23902439024390243 0.046341463414634146 0.1073170731707317
1 0.0975609756097561 0.45121951219512196 0.09024390243902439 0.13170731707317074