1 0.10294117647058823 0.26348039215686275 0.0857843137254902 0.10049019607843138
1 0.24019607843137256 0.23284313725490197 0.08088235294117647 0.11274509803921569
1 0.36764705882352944 0.21568627450980393 0.0857843137254902 0.11519607843137254
1 0.45588235294117646 0.24387254901960784 0.07598039215686274 0.07598039215686274
1 0.5073529411764706 0.24509803921568626 0.0784313725490196 0.11519607843137254
1 0.7647058823529411 0.19607843137254902 0.0784313725490196 0.16176470588235295
1 0.8933823529411765 0.25 0.09068627450980392 0.14950980392156862
1 0.8909313725490197 0.5183823529411765 0.09558823529411764 0.16911764705882354
1 0.7855392156862745 0.6115196078431373 0.10049019607843138 0.12745098039215685
1 0.5882352941176471 0.6078431372549019 0.09068627450980392 0.13970588235294118
1 0.5220588235294118 0.5049019607843137 0.08333333333333333 0.16176470588235295
1 0.32598039215686275 0.6127450980392157 0.11029411764705882 0.12745098039215685
1 0.13112745098039216 0.5428921568627451 0.09068627450980392 0.14705882352941177