1 0.922979797979798 0.6047979797979798 0.1111111111111111 0.2398989898989899
1 0.76010101010101 0.380050505050505 0.11868686868686869 0.17676767676767677
1 0.9608585858585859 0.3409090909090909 0.06565656565656566 0.10858585858585859
1 0.7159090909090909 0.13257575757575757 0.05808080808080808 0.10858585858585859
1 0.5593434343434344 0.3371212121212121 0.07323232323232323 0.12626262626262627
1 0.49747474747474746 0.25 0.05303030303030303 0.11363636363636363
1 0.3939393939393939 0.2361111111111111 0.050505050505050504 0.12373737373737374
1 0.43813131313131315 0.43686868686868685 0.08333333333333333 0.14898989898989898
1 0.3888888888888889 0.6464646464646465 0.08333333333333333 0.16414141414141414
1 0.23737373737373738 0.3573232323232323 0.08838383838383838 0.13383838383838384
1 0.43434343434343436 0.03282828282828283 0.045454545454545456 0.06565656565656566
1 0.19318181818181818 0.02904040404040404 0.047979797979797977 0.05808080808080808
1 0.047979797979797977 0.07828282828282829 0.09595959595959595 0.15656565656565657
1 0.5669191919191919 0.10858585858585859 0.03282828282828283 0.07828282828282829