1 0.6871657754010695 0.7754010695187166 0.17647058823529413 0.28609625668449196
1 0.8516042780748663 0.732620320855615 0.18983957219251338 0.2967914438502674
1 0.9866310160427807 0.6871657754010695 0.0213903743315508 0.15508021390374332
1 0.9224598930481284 0.42780748663101603 0.0962566844919786 0.13368983957219252
1 0.7513368983957219 0.47459893048128343 0.11497326203208556 0.17379679144385027
1 0.713903743315508 0.27406417112299464 0.06684491978609626 0.11229946524064172
1 0.6016042780748663 0.5093582887700535 0.10427807486631016 0.1657754010695187
1 0.38636363636363635 0.42379679144385024 0.10695187165775401 0.17914438502673796
1 0.5561497326203209 0.393048128342246 0.08288770053475936 0.12299465240641712
1 0.26336898395721925 0.33288770053475936 0.08288770053475936 0.11764705882352941
1 0.09893048128342247 0.38235294117647056 0.10695187165775401 0.17647058823529413
1 0.04679144385026738 0.20053475935828877 0.07754010695187166 0.12032085561497326
1 0.27941176470588236 0.12299465240641712 0.08021390374331551 0.11229946524064172
1 0.4144385026737968 0.11898395721925134 0.0748663101604278 0.11764705882352941
1 0.5427807486631016 0.22727272727272727 0.045454545454545456 0.08288770053475936
1 0.5975935828877005 0.29010695187165775 0.05080213903743316 0.09090909090909091
1 0.18181818181818182 0.04411764705882353 0.0855614973262032 0.08823529411764706