1 0.024875621890547265 0.2064676616915423 0.04975124378109453 0.11442786069651742
2 0.06218905472636816 0.36069651741293535 0.06965174129353234 0.09950248756218906
1 0.1281094527363184 0.8743781094527363 0.09950248756218906 0.1517412935323383
1 0.16417910447761194 0.10074626865671642 0.07960199004975124 0.08955223880597014
1 0.2462686567164179 0.38681592039800994 0.07711442786069651 0.12189054726368159
0 0.20149253731343283 0.6629353233830846 0.07711442786069651 0.1417910447761194
1 0.1828358208955224 0.7574626865671642 0.0945273631840796 0.14676616915422885
1 0.48507462686567165 0.9303482587064676 0.08955223880597014 0.13432835820895522
1 0.39676616915422885 0.10074626865671642 0.08706467661691543 0.10945273631840796
1 0.4577114427860697 0.29850746268656714 0.08208955223880597 0.11691542288557213
1 0.5758706467661692 0.7101990049751243 0.07711442786069651 0.1044776119402985
1 0.6517412935323383 0.8097014925373134 0.09701492537313433 0.13681592039800994
1 0.5758706467661692 0.09825870646766169 0.07960199004975124 0.1044776119402985
1 0.6218905472636815 0.3805970149253731 0.07213930348258707 0.11691542288557213
1 0.6666666666666666 0.09825870646766169 0.09203980099502487 0.1318407960199005
1 0.7276119402985075 0.03109452736318408 0.07213930348258707 0.06218905472636816
1 0.8407960199004975 0.20024875621890548 0.08706467661691543 0.10945273631840796
1 0.9589552238805971 0.5808457711442786 0.07711442786069651 0.12189054726368159