1 0.7412935323383084 0.8420398009950248 0.10199004975124377 0.11442786069651742
1 0.6156716417910447 0.8420398009950248 0.0945273631840796 0.11442786069651742
1 0.49502487562189057 0.8669154228855721 0.09203980099502487 0.10945273631840796
1 0.30472636815920395 0.9116915422885572 0.10696517412935323 0.11442786069651742
1 0.08582089552238806 0.7661691542288557 0.09701492537313433 0.09950248756218906
1 0.2599502487562189 0.654228855721393 0.09203980099502487 0.1044776119402985
1 0.1480099502487562 0.4925373134328358 0.07462686567164178 0.07960199004975124
1 0.014925373134328358 0.554726368159204 0.029850746268656716 0.08955223880597014
1 0.27611940298507465 0.49129353233830847 0.05970149253731343 0.06965174129353234
1 0.3681592039800995 0.6791044776119403 0.08706467661691543 0.0945273631840796
1 0.513681592039801 0.6480099502487562 0.08706467661691543 0.0945273631840796
1 0.7176616915422885 0.5895522388059702 0.05721393034825871 0.09701492537313433
1 0.7599502487562189 0.5758706467661692 0.08706467661691543 0.10696517412935323
1 0.8271144278606966 0.5746268656716418 0.08208955223880597 0.09701492537313433
1 0.9415422885572139 0.5509950248756219 0.04975124378109453 0.09701492537313433
1 0.986318407960199 0.39427860696517414 0.022388059701492536 0.06716417910447761
1 0.8992537313432836 0.3843283582089552 0.07213930348258707 0.07960199004975124
1 0.7524875621890548 0.4216417910447761 0.06218905472636816 0.07462686567164178
1 0.6803482587064676 0.4116915422885572 0.07213930348258707 0.07960199004975124
1 0.5310945273631841 0.472636815920398 0.08208955223880597 0.07960199004975124
1 0.4253731343283582 0.48258706467661694 0.07960199004975124 0.07960199004975124
1 0.10572139303482588 0.32960199004975127 0.06965174129353234 0.07960199004975124
1 0.26865671641791045 0.2935323383084577 0.04975124378109453 0.07711442786069651
1 0.36318407960199006 0.2835820895522388 0.06716417910447761 0.0845771144278607
1 0.43159203980099503 0.28233830845771146 0.06965174129353234 0.06218905472636816
1 0.5671641791044776 0.23134328358208955 0.06716417910447761 0.07711442786069651
1 0.6169154228855721 0.23880597014925373 0.05970149253731343 0.07711442786069651
1 0.7437810945273632 0.19527363184079602 0.05970149253731343 0.07711442786069651
1 0.8134328358208955 0.21517412935323382 0.05472636815920398 0.06965174129353234
1 0.9353233830845771 0.18781094527363185 0.05472636815920398 0.06965174129353234
1 0.9378109452736318 0.12064676616915423 0.05472636815920398 0.06965174129353234
1 0.8109452736318408 0.12437810945273632 0.04975124378109453 0.07213930348258707
1 0.677860696517413 0.09328358208955224 0.0472636815920398 0.07213930348258707
1 0.5783582089552238 0.1256218905472637 0.05970149253731343 0.07711442786069651
1 0.4465174129353234 0.15422885572139303 0.05970149253731343 0.07711442786069651
1 0.3656716417910448 0.1281094527363184 0.06716417910447761 0.0845771144278607
1 0.24004975124378108 0.16044776119402984 0.05721393034825871 0.07462686567164178
1 0.14925373134328357 0.18034825870646767 0.0472636815920398 0.07462686567164178
1 0.3818407960199005 0.03233830845771144 0.05472636815920398 0.04477611940298507
1 0.45149253731343286 0.03482587064676617 0.05721393034825871 0.06716417910447761
1 0.5509950248756219 0.033582089552238806 0.05721393034825871 0.06716417910447761
1 0.6131840796019901 0.008706467661691543 0.0472636815920398 0.017412935323383085
1 0.677860696517413 0.03109452736318408 0.05721393034825871 0.06218905472636816
1 0.7412935323383084 0.033582089552238806 0.04975124378109453 0.05472636815920398
1 0.8121890547263682 0.026119402985074626 0.05721393034825871 0.05223880597014925
1 0.9054726368159204 0.01990049751243781 0.06467661691542288 0.03980099502487562
1 0.9925373134328358 0.03233830845771144 0.009950248756218905 0.05472636815920398