1 0.9519704433497537 0.29802955665024633 0.07635467980295567 0.10344827586206896
1 0.8596059113300493 0.3411330049261084 0.06403940886699508 0.09359605911330049
1 0.7302955665024631 0.22167487684729065 0.046798029556650245 0.06896551724137931
1 0.6724137931034483 0.2894088669950739 0.0812807881773399 0.11576354679802955
1 0.6625615763546798 0.20935960591133004 0.05172413793103448 0.06896551724137931
1 0.6194581280788177 0.2536945812807882 0.059113300492610835 0.09113300492610837
1 0.5591133004926109 0.4827586206896552 0.07881773399014778 0.10344827586206896
1 0.5467980295566502 0.23522167487684728 0.046798029556650245 0.06896551724137931
1 0.49261083743842365 0.21921182266009853 0.04926108374384237 0.0812807881773399
1 0.45689655172413796 0.22413793103448276 0.0665024630541872 0.0960591133004926
1 0.4027093596059113 0.24630541871921183 0.054187192118226604 0.07881773399014778
1 0.3608374384236453 0.27955665024630544 0.07142857142857142 0.09852216748768473
1 0.29802955665024633 0.2869458128078818 0.0812807881773399 0.10837438423645321
1 0.2536945812807882 0.16625615763546797 0.059113300492610835 0.08620689655172414
2 0.20566502463054187 0.16009852216748768 0.05172413793103448 0.06403940886699508
1 0.13177339901477833 0.12315270935960591 0.0665024630541872 0.0960591133004926
1 0.06896551724137931 0.13669950738916256 0.0665024630541872 0.10098522167487685
1 0.1724137931034483 0.15270935960591134 0.034482758620689655 0.05665024630541872