1 0.0851063829787234 0.6569148936170213 0.1702127659574468 0.4148936170212766
2 0.2779255319148936 0.04521276595744681 0.05851063829787234 0.09042553191489362
1 0.1622340425531915 0.031914893617021274 0.09574468085106383 0.06382978723404255
1 0.12367021276595745 0.12234042553191489 0.0797872340425532 0.10904255319148937
1 0.22606382978723405 0.15691489361702127 0.10372340425531915 0.13829787234042554
2 0.5066489361702128 0.24601063829787234 0.06382978723404255 0.09574468085106383
2 0.48271276595744683 0.2978723404255319 0.09042553191489362 0.11436170212765957
1 0.5970744680851063 0.20079787234042554 0.08776595744680851 0.1276595744680851
1 0.7672872340425532 0.29521276595744683 0.06914893617021277 0.10904255319148937
1 0.7978723404255319 0.5930851063829787 0.125 0.14361702127659576
1 0.9348404255319149 0.49601063829787234 0.09308510638297872 0.11436170212765957
1 0.4654255319148936 0.4521276595744681 0.10904255319148937 0.15425531914893617