1 0.15306122448979592 0.3826530612244898 0.0663265306122449 0.10204081632653061
1 0.3826530612244898 0.29209183673469385 0.08163265306122448 0.1377551020408163
1 0.5650510204081632 0.23979591836734693 0.07142857142857142 0.11734693877551021
2 0.7538265306122449 0.18622448979591838 0.06887755102040816 0.09948979591836735
2 0.9655612244897959 0.15433673469387754 0.06377551020408163 0.09438775510204081
2 0.6364795918367347 0.008928571428571428 0.02806122448979592 0.017857142857142856
2 0.5676020408163265 0.01913265306122449 0.017857142857142856 0.03826530612244898
2 0.826530612244898 0.021683673469387755 0.015306122448979591 0.03316326530612245
2 0.7487244897959183 0.03826530612244898 0.015306122448979591 0.02806122448979592
2 0.7091836734693877 0.042091836734693876 0.015306122448979591 0.02806122448979592
1 0.42346938775510207 0.10586734693877552 0.02295918367346939 0.03826530612244898
2 0.3482142857142857 0.1441326530612245 0.015306122448979591 0.02806122448979592
2 0.18622448979591838 0.16709183673469388 0.017857142857142856 0.03316326530612245
2 0.1211734693877551 0.1913265306122449 0.02295918367346939 0.04336734693877551
2 0.03188775510204082 0.2066326530612245 0.017857142857142856 0.04336734693877551