1 0.020100502512562814 0.07537688442211055 0.04020100502512563 0.10050251256281408
1 0.07663316582914573 0.13316582914572864 0.06281407035175879 0.12311557788944724
2 0.09547738693467336 0.29396984924623115 0.06030150753768844 0.11055276381909548
1 0.04271356783919598 0.800251256281407 0.08542713567839195 0.17336683417085427
1 0.2613065326633166 0.05527638190954774 0.0678391959798995 0.10050251256281408
1 0.27889447236180903 0.3479899497487437 0.06532663316582915 0.135678391959799
0 0.1658291457286432 0.6067839195979899 0.06532663316582915 0.15829145728643215
1 0.12311557788944724 0.6972361809045227 0.08040201005025126 0.1658291457286432
1 0.38819095477386933 0.914572864321608 0.07537688442211055 0.15829145728643215
1 0.49874371859296485 0.09170854271356783 0.07537688442211055 0.12311557788944724
1 0.5125628140703518 0.2914572864321608 0.07035175879396985 0.1306532663316583
1 0.5339195979899497 0.7097989949748744 0.06532663316582915 0.11557788944723618
1 0.5879396984924623 0.8153266331658291 0.0829145728643216 0.15326633165829145
1 0.6796482412060302 0.114321608040201 0.0678391959798995 0.11557788944723618
1 0.6608040201005025 0.3969849246231156 0.06281407035175879 0.1306532663316583
1 0.7713567839195979 0.12939698492462312 0.07788944723618091 0.14824120603015076
1 0.8517587939698492 0.06658291457286432 0.05527638190954774 0.0728643216080402
1 0.9246231155778895 0.25251256281407036 0.07537688442211055 0.12311557788944724
1 0.9610552763819096 0.6432160804020101 0.0728643216080402 0.135678391959799