1 0.9435897435897436 0.8974358974358975 0.08717948717948718 0.14871794871794872
1 0.8705128205128205 0.7974358974358975 0.08461538461538462 0.14615384615384616
0 0.8384615384615385 0.7256410256410256 0.07179487179487179 0.12051282051282051
2 0.958974358974359 0.46794871794871795 0.05641025641025641 0.09230769230769231
1 0.9807692307692307 0.3333333333333333 0.03333333333333333 0.11794871794871795
1 0.8153846153846154 0.04871794871794872 0.07179487179487179 0.09743589743589744
1 0.823076923076923 0.24871794871794872 0.06923076923076923 0.09487179487179487
1 0.7782051282051282 0.4935897435897436 0.06153846153846154 0.11538461538461539
1 0.5858974358974359 0.9423076923076923 0.09487179487179487 0.11025641025641025
1 0.4653846153846154 0.7705128205128206 0.07948717948717948 0.11025641025641025
1 0.4012820512820513 0.8589743589743589 0.09487179487179487 0.1358974358974359
1 0.541025641025641 0.4282051282051282 0.07692307692307693 0.12564102564102564
1 0.5858974358974359 0.2641025641025641 0.07948717948717948 0.11282051282051282
1 0.5987179487179487 0.12435897435897436 0.07435897435897436 0.09743589743589744
1 0.38076923076923075 0.5025641025641026 0.0641025641025641 0.1076923076923077
1 0.4 0.26282051282051283 0.06923076923076923 0.11794871794871795
1 0.31025641025641026 0.2653846153846154 0.07692307692307693 0.12564102564102564
1 0.046153846153846156 0.6743589743589744 0.08717948717948718 0.1
1 0.14358974358974358 0.35128205128205126 0.07692307692307693 0.11025641025641025
1 0.24102564102564103 0.1935897435897436 0.05897435897435897 0.09743589743589744
1 0.2641025641025641 0.07307692307692308 0.05641025641025641 0.08205128205128205