1 0.09722222222222222 0.005050505050505051 0.10858585858585859 0.010101010101010102
1 0.2297979797979798 0.18686868686868688 0.04040404040404041 0.10353535353535354
0 0.351010101010101 0.25126262626262624 0.045454545454545456 0.08838383838383838
1 0.38636363636363635 0.09595959595959595 0.06060606060606061 0.13383838383838384
1 0.5025252525252525 0.1691919191919192 0.047979797979797977 0.12121212121212122
1 0.4898989898989899 0.22474747474747475 0.047979797979797977 0.09848484848484848
1 0.6527777777777778 0.30303030303030304 0.05555555555555555 0.10858585858585859
1 0.7045454545454546 0.33585858585858586 0.05303030303030303 0.10353535353535354
1 0.7752525252525253 0.4318181818181818 0.03282828282828283 0.06818181818181818
1 0.8232323232323232 0.4027777777777778 0.06060606060606061 0.10858585858585859
1 0.9015151515151515 0.4696969696969697 0.050505050505050504 0.09343434343434344
1 0.9419191919191919 0.4898989898989899 0.045454545454545456 0.09848484848484848