2 0.9625 0.365 0.07 0.19
2 0.98 0.03375 0.035 0.0675
1 0.9475 0.02375 0.07 0.0475
1 0.78375 0.02375 0.0725 0.0475
2 0.85875 0.055 0.0875 0.11
2 0.7975 0.2175 0.05 0.1
2 0.81875 0.4075 0.1025 0.17
2 0.8575 0.55875 0.125 0.145
1 0.76875 0.82 0.1525 0.2975
2 0.64625 0.63875 0.165 0.215
2 0.72125 0.33625 0.1075 0.1675
2 0.7325 0.09 0.085 0.1
2 0.6325 0.13375 0.0775 0.1225
1 0.57625 0.11375 0.085 0.13
1 0.5525 0.3575 0.1075 0.17
2 0.48125 0.28875 0.0725 0.135
2 0.44125 0.15 0.09 0.155
2 0.3325 0.17875 0.08 0.1025
2 0.29875 0.34625 0.0725 0.1225
1 0.3425 0.495 0.12 0.205
2 0.35875 0.7275 0.1075 0.17
1 0.2175 0.89875 0.12 0.19
1 0.18 0.61125 0.1075 0.1875
2 0.19 0.2575 0.07 0.125
2 0.085 0.23125 0.0575 0.1025
1 0.10375 0.4525 0.085 0.13