1 0.8355263157894737 0.02368421052631579 0.07631578947368421 0.04736842105263158
1 0.8776315789473684 0.12368421052631579 0.07368421052631578 0.09473684210526316
2 0.7236842105263158 0.025 0.06315789473684211 0.05
1 0.775 0.14342105263157895 0.08947368421052632 0.12368421052631579
1 0.9236842105263158 0.6947368421052632 0.14736842105263157 0.3473684210526316
2 0.5013157894736842 0.17105263157894737 0.04736842105263158 0.07894736842105263
2 0.525 0.22894736842105262 0.07894736842105263 0.09473684210526316
1 0.5434210526315789 0.3986842105263158 0.1 0.13157894736842105
1 0.4131578947368421 0.09736842105263158 0.07631578947368421 0.11052631578947368
1 0.24473684210526317 0.16447368421052633 0.060526315789473685 0.09473684210526316
1 0.21578947368421053 0.4710526315789474 0.1 0.11315789473684211
1 0.08026315789473684 0.3381578947368421 0.07894736842105263 0.09210526315789473