1 0.5871212121212122 0.6452020202020202 0.22474747474747475 0.32323232323232326
1 0.8434343434343434 0.9507575757575758 0.20202020202020202 0.09343434343434344
1 0.9393939393939394 0.4797979797979798 0.11616161616161616 0.23737373737373738
1 0.7095959595959596 0.3838383838383838 0.15151515151515152 0.20202020202020202
1 0.37247474747474746 0.2840909090909091 0.1919191919191919 0.26515151515151514
1 0.5517676767676768 0.16792929292929293 0.14646464646464646 0.2222222222222222
1 0.3547979797979798 0.05176767676767677 0.1388888888888889 0.10353535353535354
1 0.98989898989899 0.5340909090909091 0.015151515151515152 0.15404040404040403
1 0.22095959595959597 0.023989898989898988 0.13383838383838384 0.047979797979797977
1 0.4532828282828283 0.059343434343434344 0.10353535353535354 0.11868686868686869
2 0.6363636363636364 0.22474747474747475 0.09848484848484848 0.14646464646464646
2 0.13257575757575757 0.11237373737373738 0.18434343434343434 0.22474747474747475