1 0.757537688442211 0.32914572864321606 0.06281407035175879 0.07788944723618091
1 0.6344221105527639 0.3015075376884422 0.06281407035175879 0.08542713567839195
1 0.5213567839195979 0.3027638190954774 0.07788944723618091 0.09296482412060302
1 0.8592964824120602 0.34045226130653267 0.035175879396984924 0.05778894472361809
1 0.6206030150753769 0.23618090452261306 0.04271356783919598 0.06030150753768844
1 0.6959798994974874 0.26256281407035176 0.03015075376884422 0.04773869346733668
1 0.5364321608040201 0.25 0.06281407035175879 0.09296482412060302
1 0.06532663316582915 0.17839195979899497 0.06281407035175879 0.07788944723618091
1 0.21733668341708542 0.1670854271356784 0.06030150753768844 0.07788944723618091
1 0.32914572864321606 0.2022613065326633 0.06030150753768844 0.07788944723618091
2 0.1620603015075377 0.1771356783919598 0.05025125628140704 0.10552763819095477
1 0.013819095477386936 0.10175879396984924 0.02763819095477387 0.0678391959798995
1 0.8743718592964824 0.39195979899497485 0.02512562814070352 0.07537688442211055