1 0.9670731707317073 0.25121951219512195 0.06097560975609756 0.11707317073170732
1 0.6914634146341463 0.6073170731707317 0.05609756097560976 0.08048780487804878
1 0.7219512195121951 0.4219512195121951 0.05853658536585366 0.1
1 0.7097560975609756 0.348780487804878 0.05609756097560976 0.08048780487804878
1 0.625609756097561 0.39878048780487807 0.06585365853658537 0.08292682926829269
1 0.5804878048780487 0.3975609756097561 0.05121951219512195 0.06585365853658537
1 0.4902439024390244 0.375609756097561 0.05365853658536585 0.08292682926829269
1 0.4195121951219512 0.39390243902439026 0.05609756097560976 0.08292682926829269
1 0.36341463414634145 0.3378048780487805 0.05609756097560976 0.08048780487804878
2 0.8451219512195122 0.31585365853658537 0.05853658536585366 0.0951219512195122
2 0.75 0.33414634146341465 0.04390243902439024 0.06341463414634146
2 0.5231707317073171 0.3853658536585366 0.05121951219512195 0.09024390243902439
2 0.6634146341463415 0.3573170731707317 0.05609756097560976 0.08292682926829269