1 0.014322916666666666 0.1171875 0.028645833333333332 0.11979166666666667
1 0.08854166666666667 0.12369791666666667 0.06770833333333333 0.12760416666666666
1 0.234375 0.5377604166666666 0.052083333333333336 0.09114583333333333
1 0.29296875 0.3658854166666667 0.0546875 0.11458333333333333
1 0.3411458333333333 0.3033854166666667 0.052083333333333336 0.09114583333333333
1 0.4140625 0.3802083333333333 0.059895833333333336 0.09375
1 0.4661458333333333 0.3971354166666667 0.044270833333333336 0.07552083333333333
1 0.58203125 0.40625 0.049479166666666664 0.09375
1 0.6536458333333334 0.4479166666666667 0.052083333333333336 0.09375
1 0.7486979166666666 0.41796875 0.052083333333333336 0.09114583333333333
2 0.203125 0.22916666666666666 0.0546875 0.10677083333333333
2 0.3046875 0.2786458333333333 0.0390625 0.0703125
2 0.5390625 0.4036458333333333 0.044270833333333336 0.1015625
2 0.3919270833333333 0.3294270833333333 0.052083333333333336 0.09375