1 0.9692307692307692 0.09487179487179487 0.03333333333333333 0.04358974358974359
1 0.791025641025641 0.11282051282051282 0.035897435897435895 0.06666666666666667
1 0.6794871794871795 0.04230769230769231 0.041025641025641026 0.05128205128205128
1 0.9397435897435897 0.21794871794871795 0.046153846153846156 0.05128205128205128
1 0.8025641025641026 0.19743589743589743 0.04358974358974359 0.06153846153846154
1 0.7615384615384615 0.26666666666666666 0.04358974358974359 0.05128205128205128
1 0.8064102564102564 0.35512820512820514 0.046153846153846156 0.05128205128205128
1 0.9756410256410256 0.358974358974359 0.04358974358974359 0.06666666666666667
1 0.9910256410256411 0.43846153846153846 0.01282051282051282 0.07179487179487179
1 0.9243589743589744 0.48205128205128206 0.04871794871794872 0.05128205128205128
1 0.9102564102564102 0.5564102564102564 0.04358974358974359 0.06923076923076923
1 0.8358974358974359 0.5846153846153846 0.046153846153846156 0.06666666666666667
1 0.8076923076923077 0.6717948717948717 0.06153846153846154 0.07692307692307693
1 0.8064102564102564 0.8897435897435897 0.05897435897435897 0.07179487179487179
1 0.7525641025641026 0.985897435897436 0.06923076923076923 0.023076923076923078
1 0.6576923076923077 0.9525641025641025 0.05897435897435897 0.06923076923076923
1 0.6705128205128205 0.5538461538461539 0.05384615384615385 0.0641025641025641
1 0.6846153846153846 0.3974358974358974 0.04358974358974359 0.05641025641025641
1 0.5397435897435897 0.8833333333333333 0.06153846153846154 0.08461538461538462
1 0.5358974358974359 0.6064102564102564 0.05384615384615385 0.07948717948717948
1 0.5871794871794872 0.10897435897435898 0.035897435897435895 0.038461538461538464
1 0.5487179487179488 0.16794871794871793 0.04358974358974359 0.05128205128205128
1 0.49230769230769234 0.11025641025641025 0.041025641025641026 0.05128205128205128
1 0.4987179487179487 0.21025641025641026 0.04358974358974359 0.05128205128205128
1 0.4 0.18846153846153846 0.046153846153846156 0.05128205128205128
1 0.4128205128205128 0.2551282051282051 0.04871794871794872 0.07179487179487179
1 0.4115384615384615 0.4205128205128205 0.04871794871794872 0.06666666666666667
1 0.43974358974358974 0.5192307692307693 0.05128205128205128 0.07435897435897436
1 0.19230769230769232 0.8192307692307692 0.05897435897435897 0.08205128205128205
1 0.23717948717948717 0.3717948717948718 0.05128205128205128 0.07435897435897436
1 0.16666666666666666 0.5512820512820513 0.05128205128205128 0.07179487179487179
1 0.30128205128205127 0.02435897435897436 0.04358974358974359 0.038461538461538464
1 0.2782051282051282 0.014102564102564103 0.035897435897435895 0.017948717948717947
2 0.15384615384615385 0.029487179487179487 0.041025641025641026 0.04358974358974359
1 0.23205128205128206 0.09102564102564102 0.04358974358974359 0.04358974358974359
1 0.04871794871794872 0.32564102564102565 0.04871794871794872 0.04871794871794872
1 0.07692307692307693 0.4846153846153846 0.04871794871794872 0.06666666666666667
1 0.015384615384615385 0.6846153846153846 0.03076923076923077 0.07179487179487179