1 0.022486772486772486 0.1746031746031746 0.04497354497354497 0.10582010582010581
1 0.13227513227513227 0.15608465608465608 0.08994708994708994 0.1111111111111111
1 0.2671957671957672 0.15079365079365079 0.09523809523809523 0.11375661375661375
1 0.37566137566137564 0.18915343915343916 0.082010582010582 0.07671957671957672
1 0.4365079365079365 0.1984126984126984 0.08465608465608465 0.11375661375661375
1 0.701058201058201 0.17195767195767195 0.08465608465608465 0.15873015873015872
1 0.8690476190476191 0.24338624338624337 0.09788359788359788 0.14814814814814814
1 0.966931216931217 0.5396825396825397 0.06084656084656084 0.1693121693121693
1 0.9140211640211641 0.6309523809523809 0.1111111111111111 0.12698412698412698
1 0.6904761904761905 0.6031746031746031 0.09788359788359788 0.13756613756613756
1 0.5687830687830688 0.48412698412698413 0.09259259259259259 0.15873015873015872
1 0.3994708994708995 0.582010582010582 0.12169312169312169 0.12698412698412698
1 0.14947089947089948 0.4828042328042328 0.09788359788359788 0.1455026455026455