1 0.08163265306122448 0.8380102040816326 0.16326530612244897 0.31887755102040816
1 0.23214285714285715 0.7040816326530612 0.1326530612244898 0.25255102040816324
2 0.2895408163265306 0.44387755102040816 0.08163265306122448 0.14030612244897958
1 0.3979591836734694 0.5522959183673469 0.1096938775510204 0.19387755102040816
2 0.47831632653061223 0.3673469387755102 0.04846938775510204 0.1556122448979592
1 0.548469387755102 0.41836734693877553 0.1377551020408163 0.28316326530612246
1 0.6517857142857143 0.3877551020408163 0.1096938775510204 0.23979591836734693
2 0.701530612244898 0.08290816326530612 0.05612244897959184 0.11224489795918367
1 0.9005102040816326 0.10586734693877552 0.061224489795918366 0.10204081632653061
1 0.9604591836734694 0.06377551020408163 0.07397959183673469 0.12755102040816327
1 0.7614795918367347 0.25 0.061224489795918366 0.11224489795918367
1 0.8010204081632653 0.34438775510204084 0.09438775510204081 0.18622448979591838
1 0.9706632653061225 0.31760204081632654 0.05357142857142857 0.18622448979591838
1 0.7385204081632653 0.8698979591836735 0.17091836734693877 0.22704081632653061
1 0.45663265306122447 0.11224489795918367 0.04336734693877551 0.07908163265306123
2 0.6186224489795918 0.10204081632653061 0.04081632653061224 0.09438775510204081