1 0.021144278606965175 0.12064676616915423 0.04228855721393035 0.09701492537313433
1 0.14676616915422885 0.13930348258706468 0.04975124378109453 0.0845771144278607
1 0.23134328358208955 0.17039800995024876 0.04477611940298507 0.08706467661691543
1 0.376865671641791 0.19900497512437812 0.04975124378109453 0.08706467661691543
1 0.42039800995024873 0.20398009950248755 0.03731343283582089 0.07462686567164178
1 0.4577114427860697 0.21144278606965175 0.03731343283582089 0.0845771144278607
1 0.48134328358208955 0.16169154228855723 0.03980099502487562 0.05223880597014925
1 0.4900497512437811 0.27487562189054726 0.0472636815920398 0.0845771144278607
1 0.568407960199005 0.36691542288557216 0.07213930348258707 0.11940298507462686
2 0.6467661691542289 0.2524875621890547 0.05472636815920398 0.09950248756218906
1 0.6940298507462687 0.4253731343283582 0.07711442786069651 0.14427860696517414
1 0.7835820895522388 0.27114427860696516 0.0472636815920398 0.0845771144278607
1 0.8022388059701493 0.43407960199004975 0.06467661691542288 0.09203980099502487
1 0.9402985074626866 0.5796019900497512 0.09950248756218906 0.1865671641791045
2 0.8818407960199005 0.5323383084577115 0.04477611940298507 0.10199004975124377