1 0.9238578680203046 0.4530456852791878 0.09644670050761421 0.24619289340101522
1 0.9746192893401016 0.10406091370558376 0.04568527918781726 0.20304568527918782
1 0.9302030456852792 0.03934010152284264 0.07360406091370558 0.07868020304568528
1 0.8058375634517766 0.4137055837563452 0.07614213197969544 0.233502538071066
1 0.8781725888324873 0.28426395939086296 0.06598984771573604 0.18527918781725888
1 0.6852791878172588 0.5368020304568528 0.07106598984771574 0.2715736040609137
1 0.7220812182741116 0.8730964467005076 0.1116751269035533 0.16751269035532995
1 0.5621827411167513 0.8730964467005076 0.13451776649746192 0.24873096446700507
1 0.6104060913705583 0.31725888324873097 0.08375634517766498 0.23857868020304568
1 0.7030456852791879 0.1700507614213198 0.07360406091370558 0.20050761421319796
1 0.47588832487309646 0.37817258883248733 0.07106598984771574 0.20050761421319796
1 0.4086294416243655 0.8134517766497462 0.09898477157360407 0.2182741116751269
1 0.3730964467005076 0.6205583756345178 0.07360406091370558 0.24619289340101522
1 0.41624365482233505 0.3413705583756345 0.07614213197969544 0.22588832487309646
1 0.3730964467005076 0.1484771573604061 0.06598984771573604 0.18527918781725888
2 0.5076142131979695 0.07360406091370558 0.0583756345177665 0.13451776649746192
1 0.2398477157360406 0.4885786802030457 0.06852791878172589 0.20050761421319796
1 0.17639593908629442 0.7779187817258884 0.1065989847715736 0.2817258883248731
1 0.12436548223350254 0.7639593908629442 0.06852791878172589 0.2131979695431472
1 0.03553299492385787 0.5989847715736041 0.07106598984771574 0.2639593908629442
1 0.08756345177664974 0.3147208121827411 0.07360406091370558 0.20558375634517767
1 0.0799492385786802 0.1649746192893401 0.06345177664974619 0.12690355329949238
1 0.15736040609137056 0.45685279187817257 0.08121827411167512 0.19289340101522842
1 0.011421319796954314 0.950507614213198 0.02284263959390863 0.09390862944162437