0 0.9298469387755102 0.08928571428571429 0.13520408163265307 0.17857142857142858
2 0.8163265306122449 0.02423469387755102 0.10204081632653061 0.04846938775510204
1 0.6836734693877551 0.12627551020408162 0.06887755102040816 0.125
1 0.6147959183673469 0.2895408163265306 0.12244897959183673 0.1913265306122449
1 0.7678571428571429 0.6288265306122449 0.3086734693877551 0.45408163265306123
1 0.44387755102040816 0.7002551020408163 0.29336734693877553 0.45153061224489793
1 0.3903061224489796 0.4387755102040816 0.15051020408163265 0.2372448979591837
1 0.5267857142857143 0.23341836734693877 0.10459183673469388 0.1683673469387755
2 0.1683673469387755 0.3737244897959184 0.125 0.1913265306122449
1 0.07525510204081633 0.31760204081632654 0.08163265306122448 0.17346938775510204
1 0.04846938775510204 0.475765306122449 0.08418367346938775 0.21428571428571427
1 0.20153061224489796 0.6721938775510204 0.17091836734693877 0.2729591836734694