1 0.9438502673796791 0.39705882352941174 0.10695187165775401 0.22727272727272727
1 0.8810160427807486 0.5254010695187166 0.232620320855615 0.30213903743315507
1 0.6163101604278075 0.39438502673796794 0.12834224598930483 0.1497326203208556
1 0.5574866310160428 0.2232620320855615 0.11497326203208556 0.12834224598930483
1 0.5427807486631016 0.29411764705882354 0.10962566844919786 0.16042780748663102
1 0.45187165775401067 0.2339572192513369 0.20320855614973263 0.24598930481283424
1 0.28609625668449196 0.1697860962566845 0.12032085561497326 0.1497326203208556
2 0.30213903743315507 0.04679144385026738 0.0855614973262032 0.09358288770053476
2 0.20855614973262032 0.07887700534759358 0.0855614973262032 0.10695187165775401
1 0.13502673796791445 0.12299465240641712 0.12834224598930483 0.17379679144385027
1 0.08288770053475936 0.26737967914438504 0.1657754010695187 0.23529411764705882
1 0.04679144385026738 0.05748663101604278 0.09358288770053476 0.11497326203208556