1 0.05527638190954774 0.5188442211055276 0.03768844221105527 0.07537688442211055
1 0.1444723618090452 0.4798994974874372 0.022613065326633167 0.04773869346733668
1 0.1884422110552764 0.5766331658291457 0.04020100502512563 0.06281407035175879
1 0.2989949748743719 0.4798994974874372 0.05778894472361809 0.11557788944723618
1 0.4371859296482412 0.6005025125628141 0.04271356783919598 0.10552763819095477
1 0.5967336683417085 0.5954773869346733 0.03768844221105527 0.0728643216080402
1 0.628140703517588 0.5829145728643216 0.022613065326633167 0.04020100502512563
2 0.6683417085427136 0.5917085427135679 0.01507537688442211 0.032663316582914576
1 0.7600502512562815 0.6695979899497487 0.04020100502512563 0.06281407035175879
0 0.9095477386934674 0.6369346733668342 0.05025125628140704 0.10050251256281408
1 0.792713567839196 0.6092964824120602 0.01507537688442211 0.03015075376884422