1 0.9368556701030928 0.5747422680412371 0.1211340206185567 0.23711340206185566
1 0.8672680412371134 0.2268041237113402 0.1134020618556701 0.19072164948453607
1 0.7448453608247423 0.08376288659793814 0.10824742268041238 0.16752577319587628
1 0.7976804123711341 0.49742268041237114 0.11855670103092783 0.22164948453608246
1 0.8208762886597938 0.38144329896907214 0.0979381443298969 0.17783505154639176
1 0.720360824742268 0.5902061855670103 0.11855670103092783 0.2551546391752577
1 0.9110824742268041 0.9329896907216495 0.15206185567010308 0.12886597938144329
1 0.7384020618556701 0.8930412371134021 0.18298969072164947 0.20876288659793815
1 0.5438144329896907 0.33634020618556704 0.12371134020618557 0.2268041237113402
1 0.5786082474226805 0.20618556701030927 0.10824742268041238 0.19072164948453607
1 0.422680412371134 0.3595360824742268 0.1056701030927835 0.19072164948453607
1 0.538659793814433 0.7989690721649485 0.13917525773195877 0.211340206185567
1 0.41365979381443296 0.586340206185567 0.11855670103092783 0.23195876288659795
1 0.34149484536082475 0.3015463917525773 0.11597938144329897 0.21391752577319587
1 0.20747422680412372 0.08891752577319588 0.10051546391752578 0.17783505154639176
2 0.32603092783505155 0.05670103092783505 0.08505154639175258 0.1134020618556701
1 0.20747422680412372 0.4059278350515464 0.10309278350515463 0.19072164948453607
1 0.2654639175257732 0.6894329896907216 0.15721649484536082 0.26804123711340205
1 0.2036082474226804 0.6610824742268041 0.1056701030927835 0.2036082474226804
1 0.04381443298969072 0.45618556701030927 0.08762886597938144 0.25257731958762886
1 0.011597938144329897 0.1791237113402062 0.023195876288659795 0.2036082474226804
1 0.10309278350515463 0.34664948453608246 0.11597938144329897 0.18556701030927836
1 0.16752577319587628 0.8801546391752577 0.10824742268041238 0.17525773195876287