1 0.36529126213592233 0.2936893203883495 0.11893203883495146 0.22330097087378642
1 0.07402912621359223 0.23907766990291263 0.13106796116504854 0.19902912621359223
1 0.17233009708737865 0.17597087378640777 0.10922330097087378 0.1796116504854369
1 0.3859223300970874 0.4563106796116505 0.10679611650485436 0.1796116504854369
1 0.44781553398058255 0.33980582524271846 0.0970873786407767 0.15776699029126215
1 0.6152912621359223 0.3276699029126214 0.14563106796116504 0.1941747572815534
1 0.24393203883495146 0.24029126213592233 0.0703883495145631 0.1383495145631068
0 0.6432038834951457 0.537621359223301 0.1650485436893204 0.2669902912621359
2 0.7694174757281553 0.5206310679611651 0.11893203883495146 0.1941747572815534
2 0.9611650485436893 0.4975728155339806 0.07281553398058252 0.14805825242718446
2 0.9805825242718447 0.5012135922330098 0.02912621359223301 0.17233009708737865