1 0.9748743718592965 0.3806532663316583 0.04522613065326633 0.10804020100502512
1 0.9736180904522613 0.5314070351758794 0.04773869346733668 0.10804020100502512
1 0.8706030150753769 0.41959798994974873 0.09547738693467336 0.1884422110552764
1 0.7763819095477387 0.42336683417085424 0.05527638190954774 0.10050251256281408
1 0.49120603015075376 0.15326633165829145 0.08040201005025126 0.14824120603015076
1 0.16834170854271358 0.24371859296482412 0.11809045226130653 0.20603015075376885
1 0.09045226130653267 0.3592964824120603 0.052763819095477386 0.10050251256281408
1 0.30402010050251255 0.3944723618090452 0.05778894472361809 0.07788944723618091
1 0.24371859296482412 0.3693467336683417 0.03768844221105527 0.07035175879396985
1 0.7663316582914573 0.32537688442211055 0.05527638190954774 0.08793969849246232
1 0.06155778894472362 0.2701005025125628 0.04271356783919598 0.07035175879396985
1 0.052763819095477386 0.3806532663316583 0.032663316582914576 0.07788944723618091
1 0.4434673366834171 0.21733668341708542 0.03768844221105527 0.11306532663316583