1 0.9840425531914894 0.8098404255319149 0.026595744680851064 0.1356382978723404
1 0.9348404255319149 0.7300531914893617 0.0851063829787234 0.18882978723404256
0 0.8896276595744681 0.648936170212766 0.06914893617021277 0.1702127659574468
2 0.976063829787234 0.3098404255319149 0.0425531914893617 0.1356382978723404
1 0.7952127659574468 0.3896276595744681 0.061170212765957445 0.15691489361702127
1 0.8151595744680851 0.08377659574468085 0.07180851063829788 0.13297872340425532
1 0.9867021276595744 0.13829787234042554 0.02127659574468085 0.15425531914893617
1 0.4454787234042553 0.9188829787234043 0.09308510638297872 0.15691489361702127
1 0.49601063829787234 0.8164893617021277 0.0797872340425532 0.14095744680851063
1 0.538563829787234 0.375 0.07446808510638298 0.15159574468085107
1 0.5691489361702128 0.15691489361702127 0.07712765957446809 0.13297872340425532
1 0.5718085106382979 0.022606382978723406 0.07446808510638298 0.04521276595744681
1 0.37101063829787234 0.21808510638297873 0.06914893617021277 0.15691489361702127
1 0.3776595744680851 0.5039893617021277 0.06914893617021277 0.14627659574468085
1 0.27393617021276595 0.24468085106382978 0.07446808510638298 0.16489361702127658
1 0.19680851063829788 0.18218085106382978 0.07180851063829788 0.1276595744680851
1 0.10505319148936171 0.40558510638297873 0.08244680851063829 0.14627659574468085
1 0.043882978723404256 0.8178191489361702 0.0797872340425532 0.14627659574468085