2 0.886968085106383 0.05452127659574468 0.07712765957446809 0.09840425531914894
2 0.9055851063829787 0.21675531914893617 0.0851063829787234 0.11170212765957446
1 0.9468085106382979 0.3882978723404255 0.0797872340425532 0.10372340425531915
2 0.5558510638297872 0.10638297872340426 0.07180851063829788 0.09840425531914894
1 0.6090425531914894 0.25 0.0797872340425532 0.09840425531914894
1 0.5691489361702128 0.3670212765957447 0.07712765957446809 0.09840425531914894
1 0.6037234042553191 0.5398936170212766 0.0851063829787234 0.11170212765957446
1 0.25 0.12234042553191489 0.07180851063829788 0.09308510638297872
1 0.16356382978723405 0.26063829787234044 0.0797872340425532 0.09308510638297872
2 0.18617021276595744 0.38563829787234044 0.06382978723404255 0.07712765957446809
2 0.3071808510638298 0.488031914893617 0.07446808510638298 0.10106382978723404
1 0.21675531914893617 0.7300531914893617 0.07446808510638298 0.06648936170212766