1 0.9502617801047121 0.5497382198952879 0.03664921465968586 0.0549738219895288
1 0.8350785340314136 0.6034031413612565 0.06282722513089005 0.08376963350785341
1 0.7905759162303665 0.5759162303664922 0.10471204188481675 0.14397905759162305
1 0.7552356020942408 0.5431937172774869 0.05759162303664921 0.08376963350785341
1 0.5824607329842932 0.7225130890052356 0.10471204188481675 0.12827225130890052
1 0.9790575916230366 0.47513089005235604 0.01832460732984293 0.02617801047120419
1 0.9319371727748691 0.46727748691099474 0.02617801047120419 0.034031413612565446
1 0.9018324607329843 0.47643979057591623 0.03926701570680628 0.04712041884816754
1 0.8808900523560209 0.4698952879581152 0.031413612565445025 0.041884816753926704
1 0.7172774869109948 0.4594240837696335 0.04450261780104712 0.060209424083769635
1 0.6832460732984293 0.4790575916230366 0.031413612565445025 0.041884816753926704
1 0.6400523560209425 0.5405759162303665 0.04450261780104712 0.05235602094240838
1 0.662303664921466 0.4280104712041885 0.02617801047120419 0.03926701570680628
1 0.5471204188481675 0.4882198952879581 0.04450261780104712 0.05235602094240838
1 0.49476439790575916 0.675392670157068 0.05235602094240838 0.06282722513089005
1 0.49607329842931935 0.4712041884816754 0.03926701570680628 0.07068062827225131
1 0.43848167539267013 0.5039267015706806 0.05759162303664921 0.07853403141361257
1 0.39659685863874344 0.6387434554973822 0.08376963350785341 0.15968586387434555
1 0.5654450261780105 0.3782722513089005 0.031413612565445025 0.04450261780104712
1 0.6086387434554974 0.387434554973822 0.03926701570680628 0.04712041884816754
1 0.32591623036649214 0.4973821989528796 0.07068062827225131 0.07853403141361257
1 0.42539267015706805 0.4280104712041885 0.03926701570680628 0.04712041884816754
1 0.3468586387434555 0.34424083769633507 0.02617801047120419 0.03926701570680628
1 0.3782722513089005 0.3036649214659686 0.02617801047120419 0.034031413612565446
1 0.1099476439790576 0.6845549738219895 0.2198952879581152 0.306282722513089
1 0.03534031413612566 0.3612565445026178 0.07068062827225131 0.112565445026178
1 0.1099476439790576 0.4109947643979058 0.04450261780104712 0.060209424083769635
1 0.8743455497382199 0.6649214659685864 0.031413612565445025 0.04450261780104712
1 0.9646596858638743 0.46727748691099474 0.02617801047120419 0.034031413612565446