1 0.05789473684210526 0.09078947368421053 0.11578947368421053 0.18157894736842106
1 0.16052631578947368 0.3815789473684211 0.13157894736842105 0.20526315789473684
1 0.17763157894736842 0.7421052631578947 0.11578947368421053 0.1868421052631579
1 0.3105263157894737 0.4513157894736842 0.12894736842105264 0.22105263157894736
1 0.4052631578947368 0.8368421052631579 0.11578947368421053 0.1631578947368421
1 0.5776315789473684 0.6539473684210526 0.13157894736842105 0.2394736842105263
1 0.6868421052631579 0.9289473684210526 0.12631578947368421 0.1368421052631579
1 0.6513157894736842 0.6144736842105263 0.11578947368421053 0.2
1 0.8657894736842106 0.8697368421052631 0.11842105263157894 0.22105263157894736
1 0.8381578947368421 0.38026315789473686 0.12105263157894737 0.20789473684210527
1 0.9263157894736842 0.25 0.08947368421052632 0.16052631578947368
1 0.975 0.5157894736842106 0.04473684210526316 0.20526315789473684
1 0.9276315789473685 0.7144736842105263 0.11578947368421053 0.21578947368421053
1 0.9644736842105263 0.9671052631578947 0.06578947368421052 0.060526315789473685