1 0.03299492385786802 0.9746192893401016 0.06598984771573604 0.04568527918781726
1 0.1446700507614213 0.8984771573604061 0.08375634517766498 0.14213197969543148
1 0.26776649746192893 0.8210659898477157 0.15736040609137056 0.29441624365482233
1 0.4860406091370558 0.649746192893401 0.09390862944162437 0.21065989847715735
1 0.35279187817258884 0.2880710659898477 0.0532994923857868 0.09390862944162437
1 0.4543147208121827 0.13705583756345177 0.04568527918781726 0.07614213197969544
1 0.4619289340101523 0.27411167512690354 0.04314720812182741 0.08883248730964467
1 0.5545685279187818 0.14593908629441624 0.03553299492385787 0.05583756345177665
1 0.6510152284263959 0.14213197969543148 0.04568527918781726 0.07868020304568528
1 0.5926395939086294 0.3819796954314721 0.04568527918781726 0.08629441624365482
1 0.700507614213198 0.5545685279187818 0.12436548223350254 0.20304568527918782
1 0.817258883248731 0.15101522842639595 0.04314720812182741 0.07106598984771574
2 0.8934010152284264 0.29314720812182743 0.04568527918781726 0.07614213197969544
2 0.7208121827411168 0.17766497461928935 0.04568527918781726 0.07868020304568528
2 0.45685279187817257 0.48984771573604063 0.0583756345177665 0.09390862944162437