2 0.20631067961165048 0.1407766990291262 0.08737864077669903 0.1262135922330097
2 0.4381067961165049 0.03762135922330097 0.043689320388349516 0.07524271844660194
2 0.5825242718446602 0.06796116504854369 0.04611650485436893 0.08009708737864078
1 0.6152912621359223 0.11286407766990292 0.07281553398058252 0.1262135922330097
2 0.44660194174757284 0.1820388349514563 0.07766990291262135 0.10922330097087378
1 0.39563106796116504 0.33616504854368934 0.10436893203883495 0.16747572815533981
2 0.22936893203883496 0.34101941747572817 0.07766990291262135 0.08495145631067962
0 0.06310679611650485 0.7742718446601942 0.08980582524271845 0.1383495145631068
0 0.3131067961165049 0.46116504854368934 0.10194174757281553 0.17233009708737865
0 0.4890776699029126 0.4320388349514563 0.14805825242718446 0.22572815533980584
2 0.683252427184466 0.22330097087378642 0.055825242718446605 0.09223300970873786
1 0.7184466019417476 0.2633495145631068 0.08737864077669903 0.14320388349514562
1 0.9077669902912622 0.28883495145631066 0.1262135922330097 0.19902912621359223
1 0.6723300970873787 0.7111650485436893 0.15776699029126215 0.25485436893203883