1 0.08909574468085106 0.03856382978723404 0.07712765957446809 0.07712765957446809
1 0.17154255319148937 0.10505319148936171 0.061170212765957445 0.11436170212765957
1 0.3324468085106383 0.047872340425531915 0.0425531914893617 0.0851063829787234
1 0.375 0.14760638297872342 0.0797872340425532 0.14361702127659576
1 0.40558510638297873 0.07313829787234043 0.047872340425531915 0.0851063829787234
1 0.4401595744680851 0.13962765957446807 0.05851063829787234 0.11436170212765957
1 0.4454787234042553 0.4029255319148936 0.07712765957446809 0.13031914893617022
1 0.5172872340425532 0.15691489361702127 0.0425531914893617 0.0851063829787234
1 0.5757978723404256 0.1675531914893617 0.04521276595744681 0.10106382978723404
1 0.6117021276595744 0.19148936170212766 0.061170212765957445 0.1196808510638298
1 0.660904255319149 0.24202127659574468 0.05319148936170213 0.09840425531914894
1 0.6968085106382979 0.2978723404255319 0.06914893617021277 0.12234042553191489
1 0.7579787234042553 0.3351063829787234 0.07712765957446809 0.1356382978723404
1 0.8337765957446809 0.23670212765957446 0.05585106382978723 0.10638297872340426
2 0.8829787234042553 0.2553191489361702 0.05053191489361702 0.0797872340425532
1 0.9680851063829787 0.2553191489361702 0.061170212765957445 0.1196808510638298
1 0.9188829787234043 0.2632978723404255 0.034574468085106384 0.07180851063829788