1 0.12192118226600986 0.1933497536945813 0.04433497536945813 0.07389162561576355
1 0.2413793103448276 0.21182266009852216 0.054187192118226604 0.07881773399014778
1 0.33620689655172414 0.23522167487684728 0.04187192118226601 0.059113300492610835
1 0.43596059113300495 0.11822660098522167 0.06157635467980296 0.10098522167487685
1 0.49137931034482757 0.1687192118226601 0.034482758620689655 0.04926108374384237
1 0.5652709359605911 0.1810344827586207 0.054187192118226604 0.07881773399014778
1 0.6305418719211823 0.37807881773399016 0.04926108374384237 0.07881773399014778
1 0.6945812807881774 0.15886699507389163 0.054187192118226604 0.07881773399014778
1 0.7783251231527094 0.2204433497536946 0.05172413793103448 0.0812807881773399
1 0.8472906403940886 0.24261083743842365 0.034482758620689655 0.059113300492610835
1 0.8903940886699507 0.24507389162561577 0.04433497536945813 0.06403940886699508
1 0.916256157635468 0.1958128078817734 0.027093596059113302 0.04187192118226601
1 0.979064039408867 0.17364532019704434 0.03694581280788178 0.09113300492610837