1 0.17574257425742573 0.25 0.10891089108910891 0.12376237623762376
1 0.3131188118811881 0.21658415841584158 0.10148514851485149 0.13613861386138615
1 0.4381188118811881 0.2004950495049505 0.11138613861386139 0.14108910891089108
1 0.5111386138613861 0.2264851485148515 0.09653465346534654 0.09653465346534654
1 0.5594059405940595 0.22772277227722773 0.10148514851485149 0.13861386138613863
1 0.8131188118811881 0.1745049504950495 0.10891089108910891 0.1905940594059406
1 0.9207920792079208 0.22896039603960397 0.1188118811881188 0.1782178217821782
1 0.8551980198019802 0.504950495049505 0.12871287128712872 0.2004950495049505
1 0.7314356435643564 0.6027227722772277 0.1311881188118812 0.15594059405940594
1 0.5470297029702971 0.6014851485148515 0.1188118811881188 0.16584158415841585
1 0.5099009900990099 0.49504950495049505 0.11386138613861387 0.1905940594059406
1 0.30198019801980197 0.6089108910891089 0.14108910891089108 0.15594059405940594
1 0.13613861386138615 0.5346534653465347 0.1188118811881188 0.17574257425742573