1 0.8853658536585366 0.10609756097560975 0.06341463414634146 0.08292682926829269
1 0.7658536585365854 0.03170731707317073 0.05365853658536585 0.06341463414634146
1 0.7207317073170731 0.21097560975609755 0.06097560975609756 0.07560975609756097
1 0.5768292682926829 0.06097560975609756 0.046341463414634146 0.05609756097560976
1 0.5426829268292683 0.1329268292682927 0.05853658536585366 0.08048780487804878
1 0.46463414634146344 0.36829268292682926 0.08048780487804878 0.1073170731707317
1 0.49146341463414633 0.08414634146341464 0.05365853658536585 0.07073170731707316
1 0.42804878048780487 0.11585365853658537 0.05121951219512195 0.06829268292682927
1 0.35121951219512193 0.3182926829268293 0.06585365853658537 0.09024390243902439
1 0.35609756097560974 0.2573170731707317 0.05121951219512195 0.06829268292682927
2 0.524390243902439 0.06829268292682927 0.03414634146341464 0.041463414634146344
2 0.3548780487804878 0.15 0.03414634146341464 0.05121951219512195
1 0.3402439024390244 0.09390243902439024 0.03414634146341464 0.04390243902439024
1 0.2865853658536585 0.20609756097560974 0.046341463414634146 0.05365853658536585
2 0.30609756097560975 0.08902439024390243 0.036585365853658534 0.046341463414634146
0 0.2475609756097561 0.16097560975609757 0.036585365853658534 0.05365853658536585
1 0.1902439024390244 0.1597560975609756 0.046341463414634146 0.06341463414634146
1 0.1719512195121951 0.16951219512195123 0.02195121951219512 0.041463414634146344
2 0.2121951219512195 0.14878048780487804 0.02926829268292683 0.04390243902439024
2 0.05731707317073171 0.2073170731707317 0.041463414634146344 0.04878048780487805