1 0.03780487804878049 0.1719512195121951 0.07560975609756097 0.07560975609756097
1 0.19878048780487806 0.16341463414634147 0.06585365853658537 0.07560975609756097
1 0.10609756097560975 0.23170731707317074 0.03170731707317073 0.04390243902439024
1 0.2865853658536585 0.22195121951219512 0.04390243902439024 0.05609756097560976
1 0.375609756097561 0.2280487804878049 0.05853658536585366 0.09024390243902439
1 0.4878048780487805 0.26707317073170733 0.06097560975609756 0.0951219512195122
1 0.6780487804878049 0.30121951219512194 0.046341463414634146 0.09268292682926829
1 0.8317073170731707 0.31097560975609756 0.05853658536585366 0.08536585365853659
1 0.5573170731707318 0.3548780487804878 0.014634146341463415 0.024390243902439025
1 0.975609756097561 0.44878048780487806 0.007317073170731708 0.026829268292682926
1 0.9695121951219512 0.4524390243902439 0.02195121951219512 0.03170731707317073