1 0.32845744680851063 0.660904255319149 0.26595744680851063 0.32180851063829785
1 0.14627659574468085 0.32180851063829785 0.19148936170212766 0.23138297872340424
1 0.39893617021276595 0.3351063829787234 0.17819148936170212 0.19946808510638298
1 0.7194148936170213 0.3816489361702128 0.23138297872340424 0.26063829787234044
1 0.6555851063829787 0.18351063829787234 0.17287234042553193 0.22074468085106383
1 0.9148936170212766 0.09707446808510638 0.15691489361702127 0.19414893617021275
1 0.061170212765957445 0.35638297872340424 0.09042553191489362 0.15159574468085107
1 0.9813829787234043 0.11702127659574468 0.031914893617021274 0.1702127659574468
1 0.8151595744680851 0.09441489361702128 0.11436170212765957 0.15691489361702127
2 0.5558510638297872 0.20345744680851063 0.11436170212765957 0.14361702127659576
2 0.9534574468085106 0.30319148936170215 0.08776595744680851 0.2553191489361702