1 0.03855721393034826 0.30597014925373134 0.07711442786069651 0.21393034825870647
1 0.22512437810945274 0.22014925373134328 0.05223880597014925 0.08706467661691543
1 0.3308457711442786 0.26865671641791045 0.04228855721393035 0.0945273631840796
1 0.5385572139303483 0.2860696517412935 0.05223880597014925 0.0945273631840796
1 0.572139303482587 0.2126865671641791 0.05970149253731343 0.12189054726368159
1 0.8121890547263682 0.34577114427860695 0.11442786069651742 0.2562189054726368
1 0.695273631840796 0.5174129353233831 0.05970149253731343 0.10945273631840796
2 0.75 0.3582089552238806 0.07711442786069651 0.11442786069651742
2 0.27238805970149255 0.19527363184079602 0.03233830845771144 0.06965174129353234
1 0.17537313432835822 0.1691542288557214 0.029850746268656716 0.08208955223880597
2 0.07711442786069651 0.12686567164179105 0.04975124378109453 0.11442786069651742
1 0.43159203980099503 0.1853233830845771 0.04975124378109453 0.08706467661691543