1 0.9842931937172775 0.4083769633507853 0.02617801047120419 0.12041884816753927
1 0.9803664921465969 0.56282722513089 0.034031413612565446 0.12041884816753927
1 0.8979057591623036 0.43324607329842935 0.14921465968586387 0.19895287958115182
1 0.7945026178010471 0.4280104712041885 0.08638743455497382 0.10732984293193717
1 0.5 0.1256544502617801 0.1256544502617801 0.15706806282722513
1 0.14790575916230367 0.1793193717277487 0.17801047120418848 0.2198952879581152
1 0.05759162303664921 0.2879581151832461 0.08376963350785341 0.10732984293193717
1 0.2879581151832461 0.34554973821989526 0.08638743455497382 0.08638743455497382
1 0.2238219895287958 0.31413612565445026 0.060209424083769635 0.07329842931937172
1 0.7853403141361257 0.3285340314136126 0.08376963350785341 0.09424083769633508
1 0.034031413612565446 0.1950261780104712 0.06282722513089005 0.07329842931937172
1 0.02356020942408377 0.30497382198952877 0.04712041884816754 0.08115183246073299
1 0.443717277486911 0.18586387434554974 0.06282722513089005 0.1099476439790576