2 0.93359375 0.16536458333333334 0.09895833333333333 0.17708333333333334
2 0.8658854166666666 0.3177083333333333 0.08854166666666667 0.140625
2 0.86328125 0.4986979166666667 0.1015625 0.18489583333333334
2 0.7981770833333334 0.17708333333333334 0.09375 0.17708333333333334
2 0.70703125 0.4934895833333333 0.11197916666666667 0.21875
1 0.5885416666666666 0.5611979166666666 0.13541666666666666 0.2604166666666667
2 0.4817708333333333 0.3059895833333333 0.0859375 0.17708333333333334
2 0.4127604166666667 0.7044270833333334 0.12239583333333333 0.2109375
2 0.3958333333333333 0.53125 0.09895833333333333 0.17708333333333334
1 0.11067708333333333 0.76953125 0.125 0.24739583333333334
2 0.033854166666666664 0.4934895833333333 0.06770833333333333 0.1640625
2 0.3125 0.19401041666666666 0.08072916666666667 0.140625
2 0.11067708333333333 0.3046875 0.059895833333333336 0.10677083333333333
2 0.5416666666666666 0.2578125 0.08072916666666667 0.12760416666666666