1 0.9657360406091371 0.4847715736040609 0.0532994923857868 0.10913705583756345
1 0.8972081218274112 0.4263959390862944 0.04568527918781726 0.08883248730964467
1 0.8439086294416244 0.37055837563451777 0.03807106598984772 0.07106598984771574
1 0.7703045685279187 0.4213197969543147 0.0583756345177665 0.10406091370558376
1 0.6116751269035533 0.3477157360406091 0.0583756345177665 0.10406091370558376
1 0.5177664974619289 0.24111675126903553 0.09898477157360407 0.19035532994923857
1 0.41624365482233505 0.19543147208121828 0.050761421319796954 0.12436548223350254
1 0.3197969543147208 0.2436548223350254 0.03553299492385787 0.06345177664974619
1 0.24746192893401014 0.17258883248730963 0.050761421319796954 0.10913705583756345
1 0.15355329949238578 0.18908629441624367 0.04314720812182741 0.08883248730964467
1 0.06218274111675127 0.12436548223350254 0.04314720812182741 0.09137055837563451
1 0.0266497461928934 0.10025380710659898 0.027918781725888325 0.07106598984771574
1 0.7576142131979695 0.3248730964467005 0.03299492385786802 0.0532994923857868