1 0.33964646464646464 0.38762626262626265 0.10606060606060606 0.15151515151515152
1 0.20707070707070707 0.27904040404040403 0.09090909090909091 0.1414141414141414
1 0.4583333333333333 0.2474747474747475 0.10101010101010101 0.16414141414141414
1 0.6439393939393939 0.44065656565656564 0.08838383838383838 0.11616161616161616
1 0.6363636363636364 0.3472222222222222 0.08080808080808081 0.12121212121212122
1 0.9684343434343434 0.38636363636363635 0.05808080808080808 0.3181818181818182
1 0.7323232323232324 0.3611111111111111 0.0707070707070707 0.09343434343434344
1 0.8042929292929293 0.32702020202020204 0.07828282828282829 0.09595959595959595
1 0.976010101010101 0.3207070707070707 0.04292929292929293 0.08080808080808081
1 0.8800505050505051 0.31691919191919193 0.05808080808080808 0.0707070707070707
1 0.9343434343434344 0.2866161616161616 0.03282828282828283 0.050505050505050504
1 0.5782828282828283 0.28535353535353536 0.04292929292929293 0.06060606060606061