2 0.01893939393939394 0.11237373737373738 0.03787878787878788 0.06313131313131314
2 0.03156565656565657 0.1717171717171717 0.030303030303030304 0.08333333333333333
2 0.008838383838383838 0.32954545454545453 0.017676767676767676 0.07323232323232323
1 0.05303030303030303 0.4595959595959596 0.07323232323232323 0.1111111111111111
0 0.1351010101010101 0.5820707070707071 0.07828282828282829 0.12121212121212122
2 0.3573232323232323 0.9444444444444444 0.1111111111111111 0.10606060606060606
2 0.14772727272727273 0.012626262626262626 0.04292929292929293 0.025252525252525252
2 0.1856060606060606 0.1148989898989899 0.050505050505050504 0.08080808080808081
2 0.25 0.16540404040404041 0.04292929292929293 0.08333333333333333
2 0.2878787878787879 0.18181818181818182 0.03787878787878788 0.08333333333333333
2 0.20075757575757575 0.3371212121212121 0.05555555555555555 0.07828282828282829
1 0.3106060606060606 0.5113636363636364 0.06060606060606061 0.10606060606060606
1 0.39646464646464646 0.5164141414141414 0.05555555555555555 0.10101010101010101
2 0.4078282828282828 0.1856060606060606 0.04292929292929293 0.06818181818181818
2 0.4444444444444444 0.1893939393939394 0.03787878787878788 0.0707070707070707
1 0.5138888888888888 0.25126262626262624 0.03787878787878788 0.1111111111111111
2 0.5757575757575758 0.125 0.05555555555555555 0.10606060606060606
2 0.6666666666666666 0.16666666666666666 0.04292929292929293 0.07323232323232323
1 0.8017676767676768 0.17803030303030304 0.06818181818181818 0.10606060606060606
1 0.8232323232323232 0.3383838383838384 0.06565656565656566 0.13131313131313133
2 0.14898989898989898 0.011363636363636364 0.045454545454545456 0.022727272727272728