1 0.95703125 0.4453125 0.08072916666666667 0.19791666666666666
1 0.7291666666666666 0.28125 0.052083333333333336 0.08072916666666667
1 0.6263020833333334 0.3046875 0.041666666666666664 0.0859375
1 0.40234375 0.26171875 0.052083333333333336 0.0859375
1 0.35546875 0.16536458333333334 0.059895833333333336 0.109375
1 0.11979166666666667 0.24479166666666666 0.1171875 0.22916666666666666
1 0.2747395833333333 0.4791666666666667 0.059895833333333336 0.09895833333333333
2 0.18880208333333334 0.2786458333333333 0.07291666666666667 0.10416666666666667
2 0.67578125 0.23828125 0.03125 0.06510416666666667
1 0.7747395833333334 0.23828125 0.03125 0.07552083333333333
2 0.8723958333333334 0.22005208333333334 0.052083333333333336 0.10416666666666667
1 0.5026041666666666 0.17838541666666666 0.049479166666666664 0.08072916666666667