1 0.9656862745098039 0.19730392156862744 0.06372549019607843 0.08088235294117647
1 0.8259803921568627 0.1948529411764706 0.056372549019607844 0.07107843137254902
1 0.7450980392156863 0.21446078431372548 0.049019607843137254 0.07352941176470588
1 0.5980392156862745 0.22058823529411764 0.056372549019607844 0.07352941176470588
1 0.5514705882352942 0.22058823529411764 0.04411764705882353 0.061274509803921566
1 0.5147058823529411 0.22181372549019607 0.04411764705882353 0.06862745098039216
1 0.4803921568627451 0.17034313725490197 0.04411764705882353 0.04411764705882353
1 0.49264705882352944 0.27941176470588236 0.05392156862745098 0.06862745098039216
1 0.4264705882352941 0.3627450980392157 0.08088235294117647 0.09803921568627451
2 0.32598039215686275 0.23529411764705882 0.06372549019607843 0.08333333333333333
1 0.3075980392156863 0.4019607843137255 0.0857843137254902 0.12009803921568628
1 0.18504901960784315 0.23161764705882354 0.05392156862745098 0.06862745098039216
1 0.19240196078431374 0.39338235294117646 0.07107843137254902 0.0784313725490196
1 0.07475490196078431 0.5208333333333334 0.11274509803921569 0.15441176470588236
2 0.12745098039215685 0.4803921568627451 0.05392156862745098 0.0857843137254902