1 0.015776699029126214 0.010922330097087379 0.03155339805825243 0.021844660194174758
1 0.08616504854368932 0.007281553398058253 0.03640776699029126 0.014563106796116505
1 0.2512135922330097 0.038834951456310676 0.03640776699029126 0.07766990291262135
1 0.3640776699029126 0.01820388349514563 0.038834951456310676 0.03640776699029126
1 0.024271844660194174 0.125 0.038834951456310676 0.07524271844660194
1 0.09951456310679611 0.10194174757281553 0.038834951456310676 0.06310679611650485
1 0.23300970873786409 0.11407766990291263 0.03640776699029126 0.07524271844660194
1 0.2645631067961165 0.18810679611650485 0.03640776699029126 0.06310679611650485
1 0.21480582524271843 0.2609223300970874 0.038834951456310676 0.06310679611650485
1 0.04975728155339806 0.2196601941747573 0.043689320388349516 0.07524271844660194
1 0.02063106796116505 0.29004854368932037 0.0412621359223301 0.08495145631067962
1 0.09223300970873786 0.3483009708737864 0.0412621359223301 0.06310679611650485
1 0.09951456310679611 0.4223300970873786 0.038834951456310676 0.0825242718446602
1 0.1650485436893204 0.46480582524271846 0.0412621359223301 0.07766990291262135
1 0.18689320388349515 0.5533980582524272 0.05339805825242718 0.08980582524271845
1 0.16747572815533981 0.7536407766990292 0.05339805825242718 0.08495145631067962
1 0.2099514563106796 0.8822815533980582 0.055825242718446605 0.08980582524271845
1 0.30461165048543687 0.8495145631067961 0.05339805825242718 0.0825242718446602
1 0.3276699029126214 0.47572815533980584 0.04611650485436893 0.07524271844660194
1 0.3276699029126214 0.3288834951456311 0.03640776699029126 0.06796116504854369
1 0.4223300970873786 0.8143203883495146 0.05339805825242718 0.09951456310679611
1 0.45024271844660196 0.5546116504854369 0.04611650485436893 0.09466019417475728
1 0.44538834951456313 0.0825242718446602 0.03155339805825243 0.04611650485436893
1 0.47694174757281554 0.14684466019417475 0.03640776699029126 0.06310679611650485
1 0.5339805825242718 0.10922330097087378 0.03398058252427184 0.06310679611650485
1 0.5206310679611651 0.19781553398058252 0.03640776699029126 0.06310679611650485
1 0.6152912621359223 0.20266990291262135 0.038834951456310676 0.06310679611650485
1 0.5970873786407767 0.2621359223300971 0.043689320388349516 0.08495145631067962
1 0.5837378640776699 0.41383495145631066 0.043689320388349516 0.07766990291262135
1 0.5497572815533981 0.5 0.043689320388349516 0.08737864077669903
1 0.7572815533980582 0.837378640776699 0.050970873786407765 0.09951456310679611
1 0.7524271844660194 0.41140776699029125 0.043689320388349516 0.08737864077669903
1 0.8058252427184466 0.5922330097087378 0.04611650485436893 0.08495145631067962
1 0.7233009708737864 0.07645631067961164 0.038834951456310676 0.0412621359223301
1 0.7487864077669902 0.07524271844660194 0.03155339805825243 0.019417475728155338
2 0.8640776699029126 0.11650485436893204 0.03398058252427184 0.043689320388349516
1 0.7851941747572816 0.15169902912621358 0.038834951456310676 0.05339805825242718
1 0.9356796116504854 0.41140776699029125 0.043689320388349516 0.05825242718446602
1 0.8968446601941747 0.5509708737864077 0.043689320388349516 0.07766990291262135
1 0.9466019417475728 0.7548543689320388 0.0412621359223301 0.08495145631067962
1 0.9769417475728155 0.8143203883495146 0.0412621359223301 0.08495145631067962