2 0.8417085427135679 0.2449748743718593 0.09296482412060302 0.13819095477386933
1 0.6909547738693468 0.1922110552763819 0.06030150753768844 0.09045226130653267
1 0.6520100502512562 0.19597989949748743 0.04522613065326633 0.0678391959798995
1 0.5778894472361809 0.1708542713567839 0.05025125628140704 0.08040201005025126
1 0.7701005025125628 0.4057788944723618 0.09798994974874371 0.135678391959799
1 0.7022613065326633 0.5288944723618091 0.14321608040201006 0.20854271356783918
1 0.5314070351758794 0.1871859296482412 0.03768844221105527 0.06030150753768844
1 0.5163316582914573 0.2236180904522613 0.04773869346733668 0.07035175879396985
1 0.4648241206030151 0.2814070351758794 0.0728643216080402 0.13316582914572864
1 0.3756281407035176 0.19472361809045227 0.05025125628140704 0.09296482412060302
1 0.31155778894472363 0.4221105527638191 0.12562814070351758 0.17587939698492464
1 0.2185929648241206 0.8505025125628141 0.23366834170854273 0.2638190954773869
1 0.1670854271356784 0.26256281407035176 0.0829145728643216 0.11557788944723618