1 0.38917525773195877 0.6443298969072165 0.1958762886597938 0.26288659793814434
1 0.20876288659793815 0.5270618556701031 0.21649484536082475 0.27319587628865977
1 0.03608247422680412 0.40463917525773196 0.07216494845360824 0.14432989690721648
1 0.05412371134020619 0.1958762886597938 0.10824742268041238 0.12371134020618557
1 0.24355670103092783 0.32216494845360827 0.13144329896907217 0.15721649484536082
1 0.22938144329896906 0.14432989690721648 0.07474226804123711 0.1056701030927835
1 0.4072164948453608 0.42396907216494845 0.11855670103092783 0.15206185567010308
1 0.6095360824742269 0.4420103092783505 0.1211340206185567 0.16752577319587628
1 0.4252577319587629 0.3337628865979381 0.09536082474226804 0.11082474226804123
1 0.7126288659793815 0.41237113402061853 0.09536082474226804 0.10824742268041238
1 0.895618556701031 0.5347938144329897 0.11855670103092783 0.15979381443298968
1 0.8994845360824743 0.38144329896907214 0.08762886597938144 0.11082474226804123
1 0.6378865979381443 0.1958762886597938 0.09020618556701031 0.10309278350515463
1 0.4948453608247423 0.13144329896907217 0.08505154639175258 0.1056701030927835
1 0.3943298969072165 0.17783505154639176 0.05154639175257732 0.07731958762886598
1 0.35309278350515466 0.21520618556701032 0.05670103092783505 0.08247422680412371
1 0.7152061855670103 0.1481958762886598 0.09020618556701031 0.10824742268041238