1 0.49390243902439024 0.4219512195121951 0.05853658536585366 0.07073170731707316
1 0.23414634146341465 0.4841463414634146 0.05365853658536585 0.06097560975609756
2 0.14146341463414633 0.48902439024390243 0.05609756097560976 0.06829268292682927
2 0.30853658536585366 0.44634146341463415 0.05365853658536585 0.06097560975609756
2 0.38170731707317074 0.4097560975609756 0.04878048780487805 0.05609756097560976
2 0.5585365853658537 0.4170731707317073 0.04878048780487805 0.06829268292682927
2 0.6634146341463415 0.40853658536585363 0.05609756097560976 0.06829268292682927
2 0.5926829268292683 0.39390243902439026 0.046341463414634146 0.05609756097560976
0 0.8256097560975609 0.4073170731707317 0.05853658536585366 0.07073170731707316
0 0.7451219512195122 0.40487804878048783 0.04878048780487805 0.06829268292682927
0 0.723170731707317 0.5646341463414634 0.046341463414634146 0.06341463414634146
0 0.41341463414634144 0.42804878048780487 0.05853658536585366 0.07073170731707316
1 0.9353658536585366 0.4475609756097561 0.02926829268292683 0.041463414634146344
2 0.18536585365853658 0.4560975609756098 0.03414634146341464 0.03902439024390244