1 0.27540106951871657 0.2393048128342246 0.10427807486631016 0.16042780748663102
1 0.07620320855614973 0.07085561497326204 0.08823529411764706 0.14171122994652408
1 0.34358288770053474 0.12299465240641712 0.09893048128342247 0.17379679144385027
1 0.6417112299465241 0.4184491978609626 0.0855614973262032 0.12299465240641712
1 0.5922459893048129 0.3088235294117647 0.08288770053475936 0.12566844919786097
1 0.9812834224598931 0.4879679144385027 0.03208556149732621 0.339572192513369
1 0.7045454545454546 0.3609625668449198 0.06684491978609626 0.09893048128342247
1 0.7727272727272727 0.3516042780748663 0.07754010695187166 0.09893048128342247
1 0.9705882352941176 0.41310160427807485 0.05614973262032086 0.08288770053475936
1 0.8542780748663101 0.37032085561497324 0.058823529411764705 0.07219251336898395
1 0.9010695187165776 0.35561497326203206 0.03208556149732621 0.053475935828877004
1 0.49732620320855614 0.21390374331550802 0.040106951871657755 0.06684491978609626