2 0.018518518518518517 0.20634920634920634 0.037037037037037035 0.09523809523809523
2 0.06746031746031746 0.16666666666666666 0.06613756613756613 0.10846560846560846
2 0.13624338624338625 0.14947089947089948 0.04497354497354497 0.082010582010582
2 0.13095238095238096 0.21164021164021163 0.03968253968253968 0.10846560846560846
2 0.022486772486772486 0.3994708994708995 0.04497354497354497 0.09523809523809523
1 0.03571428571428571 0.5370370370370371 0.07142857142857142 0.14814814814814814
0 0.06613756613756613 0.6494708994708994 0.08465608465608465 0.15608465608465608
2 0.14814814814814814 0.9642857142857143 0.1164021164021164 0.06613756613756613
2 0.3306878306878307 0.007936507936507936 0.047619047619047616 0.015873015873015872
2 0.3201058201058201 0.10582010582010581 0.05555555555555555 0.10582010582010581
2 0.36772486772486773 0.14285714285714285 0.05026455026455026 0.10846560846560846
2 0.4021164021164021 0.15343915343915343 0.047619047619047616 0.10846560846560846
2 0.23941798941798942 0.35185185185185186 0.0582010582010582 0.10317460317460317
1 0.2843915343915344 0.5224867724867724 0.06878306878306878 0.13756613756613756
1 0.37433862433862436 0.503968253968254 0.06084656084656084 0.12962962962962962
2 0.5277777777777778 0.12301587301587301 0.047619047619047616 0.08465608465608465
2 0.5661375661375662 0.1164021164021164 0.042328042328042326 0.08994708994708994
1 0.6137566137566137 0.167989417989418 0.05026455026455026 0.1402116402116402
2 0.7354497354497355 0.03835978835978836 0.06878306878306878 0.07671957671957672
2 0.8201058201058201 0.03835978835978836 0.05291005291005291 0.07671957671957672
1 0.958994708994709 0.037037037037037035 0.07671957671957672 0.07407407407407407
1 0.9140211640211641 0.17989417989417988 0.07407407407407407 0.16666666666666666
2 0.33201058201058203 0.006613756613756613 0.05026455026455026 0.013227513227513227