1 0.0975 0.94375 0.0925 0.0975
1 0.16125 0.845 0.0875 0.1425
0 0.19125 0.7575 0.07 0.13
2 0.06625 0.455 0.0625 0.1025
1 0.245 0.48375 0.0625 0.12
1 0.19125 0.1925 0.0725 0.1025
1 0.0275 0.29625 0.055 0.115
1 0.62875 0.91 0.09 0.14
1 0.56625 0.81 0.08 0.1075
1 0.47375 0.4 0.075 0.115
1 0.4225 0.2 0.0775 0.1025
1 0.4025 0.04125 0.075 0.0825
1 0.60875 0.205 0.07 0.12
1 0.635 0.48125 0.07 0.1125
1 0.6975 0.2025 0.075 0.125
1 0.76 0.12375 0.0725 0.0975
1 0.86875 0.31125 0.085 0.1125
1 0.965 0.69375 0.065 0.1175