1 0.4403553299492386 0.2982233502538071 0.14974619289340102 0.2563451776649746
1 0.1484771573604061 0.34390862944162437 0.1649746192893401 0.23096446700507614
1 0.29441624365482233 0.23477157360406092 0.13959390862944163 0.20812182741116753
1 0.3743654822335025 0.47081218274111675 0.13451776649746192 0.20558375634517767
1 0.5076142131979695 0.3197969543147208 0.1218274111675127 0.18274111675126903
1 0.6979695431472082 0.2436548223350254 0.18274111675126903 0.22842639593908629
1 0.33756345177664976 0.2817258883248731 0.09137055837563451 0.15736040609137056
0 0.6129441624365483 0.46573604060913704 0.21065989847715735 0.3096446700507614
2 0.7614213197969543 0.4022842639593909 0.14974619289340102 0.22842639593908629
2 0.9708121827411168 0.30710659898477155 0.0532994923857868 0.17766497461928935
2 0.9911167512690355 0.30710659898477155 0.012690355329949238 0.20304568527918782