1 0.09900990099009901 0.4146039603960396 0.0594059405940594 0.13366336633663367
1 0.1745049504950495 0.45544554455445546 0.05198019801980198 0.11633663366336634
1 0.36757425742574257 0.3811881188118812 0.06683168316831684 0.14356435643564355
1 0.42698019801980197 0.34282178217821785 0.04950495049504951 0.10643564356435643
1 0.4430693069306931 0.5754950495049505 0.06435643564356436 0.12871287128712872
1 0.5544554455445545 0.29826732673267325 0.034653465346534656 0.10643564356435643
1 0.5878712871287128 0.30074257425742573 0.05198019801980198 0.12128712871287128
1 0.6373762376237624 0.3217821782178218 0.04950495049504951 0.10643564356435643
1 0.6707920792079208 0.34777227722772275 0.04950495049504951 0.11633663366336634
1 0.7314356435643564 0.3551980198019802 0.06930693069306931 0.14108910891089108
1 0.8007425742574258 0.22524752475247525 0.04207920792079208 0.10148514851485149
2 0.844059405940594 0.21534653465346534 0.04455445544554455 0.08663366336633663
1 0.9232673267326733 0.1745049504950495 0.04950495049504951 0.11633663366336634
1 0.9727722772277227 0.18193069306930693 0.04950495049504951 0.1311881188118812
1 0.32301980198019803 0.3217821782178218 0.04207920792079208 0.10148514851485149
1 0.5 0.3217821782178218 0.04207920792079208 0.08663366336633663
1 0.3935643564356436 0.3032178217821782 0.04455445544554455 0.08663366336633663
1 0.8762376237623762 0.2042079207920792 0.0297029702970297 0.06930693069306931