1 0.03940886699507389 0.06157635467980296 0.07881773399014778 0.12315270935960591
1 0.21305418719211822 0.27586206896551724 0.03694581280788178 0.10098522167487685
0 0.32389162561576357 0.2955665024630542 0.03940886699507389 0.08620689655172414
1 0.312807881773399 0.11206896551724138 0.054187192118226604 0.13054187192118227
1 0.42610837438423643 0.1477832512315271 0.04187192118226601 0.11822660098522167
1 0.43103448275862066 0.21305418719211822 0.04187192118226601 0.0960591133004926
1 0.5800492610837439 0.23522167487684728 0.05172413793103448 0.10591133004926108
1 0.6317733990147784 0.2524630541871921 0.04926108374384237 0.10098522167487685
1 0.7130541871921182 0.3288177339901478 0.029556650246305417 0.0665024630541872
1 0.7463054187192119 0.27832512315270935 0.054187192118226604 0.10591133004926108
1 0.8251231527093597 0.32019704433497537 0.046798029556650245 0.09113300492610837
1 0.8620689655172413 0.3263546798029557 0.03940886699507389 0.0960591133004926