2 0.883578431372549 0.29901960784313725 0.0857843137254902 0.14460784313725492
2 0.8982843137254902 0.16299019607843138 0.0784313725490196 0.11519607843137254
1 0.8272058823529411 0.1715686274509804 0.06862745098039216 0.10049019607843138
2 0.7561274509803921 0.2536764705882353 0.0661764705882353 0.11029411764705882
1 0.7365196078431373 0.18995098039215685 0.058823529411764705 0.11519607843137254
2 0.821078431372549 0.09436274509803921 0.07107843137254902 0.13480392156862744
1 0.8590686274509803 0.48161764705882354 0.07107843137254902 0.19852941176470587
2 0.7806372549019608 0.5625 0.10294117647058823 0.19852941176470587
2 0.6887254901960784 0.6985294117647058 0.10294117647058823 0.21323529411764705
1 0.5674019607843137 0.8186274509803921 0.13480392156862744 0.25735294117647056
1 0.6274509803921569 0.45955882352941174 0.09068627450980392 0.17647058823529413
1 0.6568627450980392 0.2928921568627451 0.08333333333333333 0.12254901960784313
2 0.6899509803921569 0.12254901960784313 0.051470588235294115 0.09068627450980392
1 0.5882352941176471 0.16911764705882354 0.058823529411764705 0.1323529411764706
1 0.5992647058823529 0.21691176470588236 0.041666666666666664 0.11519607843137254
1 0.5404411764705882 0.18382352941176472 0.056372549019607844 0.11519607843137254
2 0.4877450980392157 0.1556372549019608 0.05392156862745098 0.11029411764705882
2 0.42401960784313725 0.24632352941176472 0.08333333333333333 0.15196078431372548
1 0.5428921568627451 0.42892156862745096 0.07598039215686274 0.14460784313725492
1 0.5196078431372549 0.6017156862745098 0.0857843137254902 0.14215686274509803
1 0.43014705882352944 0.5281862745098039 0.0857843137254902 0.17647058823529413
2 0.4644607843137255 0.7867647058823529 0.058823529411764705 0.14460784313725492
2 0.5061274509803921 0.8075980392156863 0.06372549019607843 0.20833333333333334
1 0.3088235294117647 0.9129901960784313 0.12745098039215685 0.16911764705882354
1 0.3382352941176471 0.6078431372549019 0.09558823529411764 0.16911764705882354
1 0.24019607843137256 0.8553921568627451 0.07598039215686274 0.20588235294117646
1 0.3284313725490196 0.4693627450980392 0.06862745098039216 0.12745098039215685
1 0.22794117647058823 0.616421568627451 0.0784313725490196 0.15196078431372548
2 0.37745098039215685 0.18259803921568626 0.06862745098039216 0.12254901960784313
2 0.3590686274509804 0.3002450980392157 0.05392156862745098 0.0857843137254902
2 0.3235294117647059 0.2267156862745098 0.058823529411764705 0.10294117647058823
1 0.23529411764705882 0.23039215686274508 0.049019607843137254 0.11029411764705882
2 0.27205882352941174 0.34558823529411764 0.058823529411764705 0.11029411764705882
1 0.14705882352941177 0.6286764705882353 0.09313725490196079 0.11029411764705882
2 0.05392156862745098 0.8823529411764706 0.10784313725490197 0.1715686274509804