1 0.12990196078431374 0.11887254901960784 0.012254901960784314 0.022058823529411766
1 0.14950980392156862 0.11887254901960784 0.014705882352941176 0.029411764705882353
1 0.18382352941176472 0.10416666666666667 0.01715686274509804 0.029411764705882353
1 0.25 0.07598039215686274 0.03431372549019608 0.0661764705882353
1 0.24387254901960784 0.16911764705882354 0.03676470588235294 0.041666666666666664
1 0.08333333333333333 0.14215686274509803 0.03676470588235294 0.0661764705882353
1 0.3909313725490196 0.1213235294117647 0.02696078431372549 0.0661764705882353
1 0.44485294117647056 0.12990196078431374 0.051470588235294115 0.09068627450980392
1 0.5453431372549019 0.18259803921568626 0.01715686274509804 0.029411764705882353
1 0.6360294117647058 0.09436274509803921 0.051470588235294115 0.08088235294117647
1 0.821078431372549 0.08946078431372549 0.049019607843137254 0.10049019607843138