1 0.14705882352941177 0.14572192513368984 0.013368983957219251 0.026737967914438502
1 0.16844919786096257 0.14304812834224598 0.016042780748663103 0.034759358288770054
1 0.21122994652406418 0.12165775401069519 0.01871657754010695 0.034759358288770054
1 0.28342245989304815 0.08288770053475936 0.0374331550802139 0.08021390374331551
1 0.2713903743315508 0.18449197860962566 0.040106951871657755 0.05080213903743316
1 0.0962566844919786 0.17647058823529413 0.040106951871657755 0.08021390374331551
1 0.4318181818181818 0.1163101604278075 0.029411764705882353 0.08021390374331551
1 0.49064171122994654 0.11764705882352941 0.05614973262032086 0.10962566844919786
1 0.6002673796791443 0.16443850267379678 0.01871657754010695 0.034759358288770054
1 0.7045454545454546 0.05748663101604278 0.05614973262032086 0.09893048128342247
1 0.9077540106951871 0.045454545454545456 0.05614973262032086 0.09090909090909091