1 0.9505208333333334 0.07552083333333333 0.09375 0.15104166666666666
1 0.8294270833333334 0.09765625 0.109375 0.171875
1 0.8489583333333334 0.3841145833333333 0.1171875 0.18489583333333334
1 0.96875 0.7473958333333334 0.057291666666666664 0.171875
1 0.7213541666666666 0.4453125 0.1171875 0.203125
1 0.7942708333333334 0.82421875 0.1015625 0.15104166666666666
1 0.52734375 0.6263020833333334 0.11979166666666667 0.21614583333333334
1 0.5572916666666666 0.91796875 0.11458333333333333 0.15885416666666666
1 0.4322916666666667 0.5833333333333334 0.10416666666666667 0.1796875
1 0.3203125 0.8203125 0.10677083333333333 0.20052083333333334
1 0.13151041666666666 0.33203125 0.109375 0.19270833333333334
1 0.01171875 0.19921875 0.0234375 0.15364583333333334
1 0.03515625 0.4557291666666667 0.0703125 0.1875
1 0.18619791666666666 0.6614583333333334 0.10677083333333333 0.1953125
1 0.08463541666666667 0.765625 0.125 0.203125
1 0.2565104166666667 0.9427083333333334 0.12239583333333333 0.109375