1 0.9704301075268817 0.5174731182795699 0.053763440860215055 0.09946236559139784
1 0.9018817204301075 0.41263440860215056 0.12365591397849462 0.17473118279569894
1 0.793010752688172 0.43413978494623656 0.07258064516129033 0.09408602150537634
1 0.5698924731182796 0.19086021505376344 0.10483870967741936 0.13709677419354838
1 0.17069892473118278 0.34543010752688175 0.15053763440860216 0.19086021505376344
1 0.041666666666666664 0.4838709677419355 0.06989247311827956 0.09408602150537634
1 0.2701612903225806 0.4852150537634409 0.07258064516129033 0.07258064516129033
1 0.2110215053763441 0.46774193548387094 0.051075268817204304 0.06451612903225806
1 0.8158602150537635 0.33198924731182794 0.07258064516129033 0.08064516129032258
1 0.041666666666666664 0.39381720430107525 0.053763440860215055 0.06451612903225806
1 0.008064516129032258 0.5161290322580645 0.016129032258064516 0.07526881720430108
1 0.4905913978494624 0.26881720430107525 0.0456989247311828 0.10215053763440861