1 0.3780487804878049 0.4524390243902439 0.07804878048780488 0.13170731707317074
1 0.33170731707317075 0.2426829268292683 0.1 0.08048780487804878
1 0.6902439024390243 0.6902439024390243 0.08292682926829269 0.16829268292682928
1 0.5890243902439024 0.5365853658536586 0.05365853658536585 0.14634146341463414
1 0.6524390243902439 0.2780487804878049 0.03414634146341464 0.05365853658536585
0 0.20853658536585365 0.21341463414634146 0.041463414634146344 0.05609756097560976
2 0.023170731707317073 0.1902439024390244 0.026829268292682926 0.03902439024390244
2 0.45121951219512196 0.21097560975609755 0.03414634146341464 0.06341463414634146
2 0.698780487804878 0.21951219512195122 0.026829268292682926 0.06341463414634146
2 0.5609756097560976 0.401219512195122 0.04878048780487805 0.07073170731707316
1 0.8707317073170732 0.3780487804878049 0.036585365853658534 0.04390243902439024
2 0.9207317073170732 0.4121951219512195 0.05121951219512195 0.07804878048780488
2 0.9524390243902439 0.5365853658536586 0.03902439024390244 0.11219512195121951
2 0.9524390243902439 0.4073170731707317 0.03902439024390244 0.05609756097560976