1 0.9609375 0.4388020833333333 0.07291666666666667 0.09635416666666667
1 0.8893229166666666 0.38671875 0.0625 0.07291666666666667
1 0.8346354166666666 0.33984375 0.052083333333333336 0.0625
1 0.7578125 0.4036458333333333 0.08072916666666667 0.08854166666666667
1 0.58984375 0.3515625 0.08072916666666667 0.08854166666666667
1 0.4921875 0.2591145833333333 0.140625 0.1640625
1 0.3815104166666667 0.2265625 0.07552083333333333 0.10677083333333333
1 0.2825520833333333 0.2916666666666667 0.052083333333333336 0.057291666666666664
1 0.20833333333333334 0.22786458333333334 0.07291666666666667 0.09375
1 0.10807291666666667 0.2591145833333333 0.059895833333333336 0.07291666666666667
1 0.022135416666666668 0.20963541666666666 0.044270833333333336 0.08072916666666667
1 0.7434895833333334 0.3059895833333333 0.044270833333333336 0.046875