1 0.9102564102564102 0.44487179487179485 0.04871794871794872 0.08974358974358974
1 0.8589743589743589 0.4358974358974359 0.07948717948717948 0.15384615384615385
1 0.808974358974359 0.4205128205128205 0.046153846153846156 0.08974358974358974
1 0.7076923076923077 0.6282051282051282 0.08205128205128205 0.1358974358974359
1 0.958974358974359 0.29743589743589743 0.020512820512820513 0.035897435897435895
1 0.9307692307692308 0.3141025641025641 0.03076923076923077 0.046153846153846156
1 0.9076923076923077 0.31666666666666665 0.02564102564102564 0.041025641025641026
1 0.7397435897435898 0.36538461538461536 0.03333333333333333 0.0641025641025641
1 0.7141025641025641 0.3935897435897436 0.02564102564102564 0.041025641025641026
1 0.6948717948717948 0.45897435897435895 0.035897435897435895 0.05384615384615385
1 0.6743589743589744 0.3576923076923077 0.020512820512820513 0.041025641025641026
1 0.5807692307692308 0.44743589743589746 0.035897435897435895 0.05384615384615385
1 0.6012820512820513 0.6217948717948718 0.041025641025641026 0.0641025641025641
1 0.5243589743589744 0.45256410256410257 0.03076923076923077 0.07692307692307693
1 0.4794871794871795 0.4987179487179487 0.046153846153846156 0.08205128205128205
1 0.48846153846153845 0.6243589743589744 0.06153846153846154 0.16923076923076924
1 0.5602564102564103 0.35 0.02564102564102564 0.046153846153846156
1 0.6064102564102564 0.34487179487179487 0.03076923076923077 0.046153846153846156
1 0.36538461538461536 0.5307692307692308 0.05641025641025641 0.08205128205128205
1 0.43846153846153846 0.441025641025641 0.03076923076923077 0.046153846153846156
1 0.3294871794871795 0.3974358974358974 0.020512820512820513 0.041025641025641026
1 0.34487179487179487 0.35384615384615387 0.020512820512820513 0.035897435897435895
1 0.2153846153846154 0.7653846153846153 0.1794871794871795 0.32051282051282054
1 0.028205128205128206 0.5217948717948718 0.05641025641025641 0.12051282051282051
1 0.12051282051282051 0.5346153846153846 0.03333333333333333 0.0641025641025641
1 0.9730769230769231 0.48205128205128206 0.02564102564102564 0.046153846153846156
1 0.9884615384615385 0.2858974358974359 0.017948717948717947 0.038461538461538464