1 0.4574742268041237 0.6056701030927835 0.2654639175257732 0.3118556701030928
1 0.24871134020618557 0.8801546391752577 0.23711340206185566 0.20103092783505155
1 0.06572164948453608 0.3002577319587629 0.13144329896907217 0.22938144329896906
1 0.2822164948453608 0.2925257731958763 0.18041237113402062 0.19329896907216496
1 0.6211340206185567 0.3170103092783505 0.22938144329896906 0.25
1 0.4110824742268041 0.13402061855670103 0.17268041237113402 0.21649484536082475
1 0.5966494845360825 0.06701030927835051 0.16237113402061856 0.13402061855670103
1 0.011597938144329897 0.33634020618556704 0.023195876288659795 0.15206185567010308
1 0.7306701030927835 0.06443298969072164 0.15721649484536082 0.12886597938144329
1 0.49871134020618557 0.05798969072164949 0.11597938144329897 0.11597938144329897
2 0.32989690721649484 0.15721649484536082 0.11597938144329897 0.13917525773195877
2 0.845360824742268 0.22036082474226804 0.21649484536082475 0.23711340206185566