1 0.8550531914893617 0.18085106382978725 0.08244680851063829 0.09574468085106383
1 0.9547872340425532 0.7393617021276596 0.0851063829787234 0.13829787234042554
0 0.9175531914893617 0.6675531914893617 0.07712765957446809 0.1276595744680851
1 0.8257978723404256 0.42819148936170215 0.07712765957446809 0.10904255319148937
1 0.5944148936170213 0.05851063829787234 0.0851063829787234 0.09042553191489362
1 0.5877659574468085 0.2047872340425532 0.09308510638297872 0.10904255319148937
1 0.5492021276595744 0.37367021276595747 0.0851063829787234 0.10904255319148937
1 0.6436170212765957 0.9188829787234043 0.09574468085106383 0.1276595744680851
1 0.49069148936170215 0.7367021276595744 0.09840425531914894 0.11170212765957446
1 0.4228723404255319 0.8257978723404256 0.10106382978723404 0.13031914893617022
1 0.3670212765957447 0.45611702127659576 0.07712765957446809 0.10106382978723404
1 0.3683510638297872 0.2154255319148936 0.0851063829787234 0.10638297872340426
1 0.2646276595744681 0.21808510638297873 0.08244680851063829 0.11702127659574468
1 0.19680851063829788 0.03590425531914894 0.06382978723404255 0.07180851063829788
1 0.07446808510638298 0.3191489361702128 0.09308510638297872 0.09840425531914894
1 0.027925531914893616 0.6542553191489362 0.05585106382978723 0.10638297872340426