0 0.9639175257731959 0.18170103092783504 0.06701030927835051 0.25
2 0.9458762886597938 0.06056701030927835 0.10309278350515463 0.1211340206185567
1 0.7835051546391752 0.16752577319587628 0.07731958762886598 0.11855670103092783
1 0.6623711340206185 0.32216494845360827 0.13402061855670103 0.17525773195876287
1 0.634020618556701 0.75 0.3402061855670103 0.422680412371134
1 0.35309278350515466 0.7074742268041238 0.3247422680412371 0.42010309278350516
1 0.4252577319587629 0.39948453608247425 0.16237113402061856 0.22164948453608246
1 0.6172680412371134 0.22551546391752578 0.11855670103092783 0.15463917525773196
2 0.2822164948453608 0.2422680412371134 0.13917525773195877 0.17525773195876287
1 0.21005154639175258 0.14304123711340205 0.14432989690721648 0.15721649484536082
1 0.13015463917525774 0.30670103092783507 0.13917525773195877 0.1958762886597938
1 0.18041237113402062 0.5798969072164949 0.18814432989690721 0.25257731958762886