1 0.5 0.5793269230769231 0.16346153846153846 0.22355769230769232
1 0.08774038461538461 0.5216346153846154 0.036057692307692304 0.04807692307692308
1 0.16105769230769232 0.5420673076923077 0.016826923076923076 0.04567307692307692
1 0.2704326923076923 0.5120192307692307 0.026442307692307692 0.040865384615384616
1 0.30649038461538464 0.49399038461538464 0.03125 0.04567307692307692
1 0.3942307692307692 0.49759615384615385 0.026442307692307692 0.05048076923076923
2 0.38341346153846156 0.47115384615384615 0.038461538461538464 0.055288461538461536
1 0.45913461538461536 0.45913461538461536 0.03125 0.05048076923076923
1 0.5144230769230769 0.45552884615384615 0.036057692307692304 0.057692307692307696
1 0.6610576923076923 0.43509615384615385 0.026442307692307692 0.05048076923076923
1 0.7079326923076923 0.41346153846153844 0.019230769230769232 0.040865384615384616
1 0.7331730769230769 0.4338942307692308 0.021634615384615384 0.040865384615384616
1 0.9290865384615384 0.2608173076923077 0.028846153846153848 0.036057692307692304
1 0.9314903846153846 0.37740384615384615 0.019230769230769232 0.036057692307692304
2 0.8834134615384616 0.38221153846153844 0.03125 0.04807692307692308
1 0.9146634615384616 0.3233173076923077 0.028846153846153848 0.038461538461538464