1 0.5358974358974359 0.40897435897435896 0.06923076923076923 0.06923076923076923
1 0.2602564102564103 0.4576923076923077 0.0641025641025641 0.06153846153846154
2 0.16282051282051282 0.46025641025641023 0.06923076923076923 0.0641025641025641
2 0.3435897435897436 0.4205128205128205 0.0641025641025641 0.06153846153846154
2 0.4230769230769231 0.3871794871794872 0.05897435897435897 0.05641025641025641
2 0.6038461538461538 0.40384615384615385 0.05897435897435897 0.06666666666666667
2 0.708974358974359 0.40384615384615385 0.06923076923076923 0.0641025641025641
2 0.6423076923076924 0.38461538461538464 0.05384615384615385 0.05641025641025641
0 0.8769230769230769 0.40897435897435896 0.07179487179487179 0.06923076923076923
0 0.7948717948717948 0.4025641025641026 0.05897435897435897 0.06666666666666667
0 0.7410256410256411 0.5717948717948718 0.05897435897435897 0.0641025641025641
0 0.45256410256410257 0.4115384615384615 0.06923076923076923 0.06923076923076923
1 0.9794871794871794 0.4576923076923077 0.035897435897435895 0.04358974358974359
2 0.2153846153846154 0.4256410256410256 0.038461538461538464 0.038461538461538464