1 0.4591584158415842 0.5643564356435643 0.17574257425742573 0.18316831683168316
1 0.9913366336633663 0.5668316831683168 0.012376237623762377 0.04455445544554455
1 0.900990099009901 0.573019801980198 0.019801980198019802 0.034653465346534656
1 0.7821782178217822 0.5346534653465347 0.027227722772277228 0.034653465346534656
1 0.745049504950495 0.5136138613861386 0.034653465346534656 0.034653465346534656
1 0.6361386138613861 0.504950495049505 0.03217821782178218 0.039603960396039604
2 0.6646039603960396 0.4839108910891089 0.039603960396039604 0.04207920792079208
1 0.573019801980198 0.46410891089108913 0.034653465346534656 0.04207920792079208
1 0.5086633663366337 0.452970297029703 0.03712871287128713 0.04702970297029703
1 0.33910891089108913 0.4183168316831683 0.03217821782178218 0.039603960396039604
1 0.2933168316831683 0.3910891089108911 0.022277227722772276 0.03217821782178218
1 0.25 0.40717821782178215 0.024752475247524754 0.03217821782178218
1 0.10396039603960396 0.22772277227722773 0.03217821782178218 0.027227722772277228
1 0.034653465346534656 0.3316831683168317 0.022277227722772276 0.0297029702970297
2 0.0891089108910891 0.34282178217821785 0.034653465346534656 0.03712871287128713
1 0.08663366336633663 0.28589108910891087 0.03217821782178218 0.0297029702970297