0 0.03515625 0.84765625 0.0703125 0.1796875
2 0.0859375 0.53515625 0.09114583333333333 0.140625
1 0.24609375 0.5390625 0.09635416666666667 0.1640625
1 0.3815104166666667 0.22786458333333334 0.1015625 0.140625
1 0.15364583333333334 0.3658854166666667 0.08854166666666667 0.15885416666666666
1 0.11197916666666667 0.3229166666666667 0.06770833333333333 0.13020833333333334
1 0.3502604166666667 0.9270833333333334 0.1328125 0.140625
1 0.3528645833333333 0.8528645833333334 0.11458333333333333 0.15104166666666666
1 0.5299479166666666 0.4127604166666667 0.10677083333333333 0.16145833333333334
1 0.6080729166666666 0.19921875 0.10677083333333333 0.140625
1 0.69140625 0.044270833333333336 0.1015625 0.08854166666666667
1 0.7890625 0.17838541666666666 0.10416666666666667 0.1640625
1 0.6354166666666666 0.4778645833333333 0.1015625 0.15364583333333334
1 0.8776041666666666 0.16536458333333334 0.11197916666666667 0.17447916666666666
1 0.96875 0.0703125 0.057291666666666664 0.140625
1 0.9583333333333334 0.2591145833333333 0.078125 0.1640625
1 0.8372395833333334 0.66015625 0.11458333333333333 0.15885416666666666