1 0.8195121951219512 0.18902439024390244 0.13170731707317074 0.16341463414634147
1 0.7914634146341464 0.35365853658536583 0.20243902439024392 0.22195121951219512
1 0.551219512195122 0.3475609756097561 0.1024390243902439 0.10975609756097561
1 0.46463414634146344 0.1975609756097561 0.0951219512195122 0.09268292682926829
1 0.47073170731707314 0.2780487804878049 0.08780487804878048 0.11951219512195121
1 0.38658536585365855 0.2573170731707317 0.16585365853658537 0.18048780487804877
1 0.2451219512195122 0.2682926829268293 0.1 0.10975609756097561
2 0.22439024390243903 0.12560975609756098 0.06585365853658537 0.07804878048780488
2 0.16219512195121952 0.2146341463414634 0.07073170731707316 0.08048780487804878
1 0.11707317073170732 0.2926829268292683 0.1024390243902439 0.12926829268292683
1 0.1024390243902439 0.46707317073170734 0.16097560975609757 0.17073170731707318
1 0.03780487804878049 0.2658536585365854 0.07560975609756097 0.09268292682926829
1 0.02804878048780488 0.14146341463414633 0.05609756097560976 0.08780487804878048