2 0.17610837438423646 0.27586206896551724 0.09852216748768473 0.17733990147783252
2 0.20935960591133004 0.4064039408866995 0.08866995073891626 0.14285714285714285
2 0.16748768472906403 0.5886699507389163 0.10098522167487685 0.18226600985221675
2 0.3078817733990148 0.24876847290640394 0.09359605911330049 0.1748768472906404
2 0.3251231527093596 0.5381773399014779 0.11330049261083744 0.21182266009852216
1 0.4248768472906404 0.5714285714285714 0.13793103448275862 0.2561576354679803
2 0.5886699507389163 0.2857142857142857 0.08866995073891626 0.1748768472906404
2 0.5640394088669951 0.6625615763546798 0.1206896551724138 0.20935960591133004
2 0.6219211822660099 0.48645320197044334 0.09852216748768473 0.17733990147783252
1 0.8435960591133005 0.6416256157635468 0.12561576354679804 0.24630541871921183
2 0.9741379310344828 0.3485221674876847 0.046798029556650245 0.16502463054187191
2 0.7820197044334976 0.12931034482758622 0.0812807881773399 0.13793103448275862
2 0.9532019704433498 0.1834975369458128 0.06157635467980296 0.10591133004926108
2 0.5394088669950738 0.25738916256157635 0.07881773399014778 0.12807881773399016