1 0.02912621359223301 0.8240291262135923 0.05825242718446602 0.12378640776699029
1 0.13713592233009708 0.8264563106796117 0.08009708737864078 0.11407766990291263
1 0.2366504854368932 0.8604368932038835 0.07766990291262135 0.11165048543689321
1 0.3932038834951456 0.912621359223301 0.08980582524271845 0.11650485436893204
1 0.712378640776699 0.7864077669902912 0.0825242718446602 0.09951456310679611
1 0.8470873786407767 0.8604368932038835 0.0703883495145631 0.0703883495145631
1 0.616504854368932 0.6711165048543689 0.07766990291262135 0.10194174757281553
1 0.837378640776699 0.5218446601941747 0.06553398058252427 0.0825242718446602
1 0.9453883495145631 0.5885922330097088 0.04854368932038835 0.0825242718446602
1 0.712378640776699 0.5133495145631068 0.050970873786407765 0.0703883495145631
1 0.49150485436893204 0.6868932038834952 0.07524271844660194 0.09466019417475728
1 0.3713592233009709 0.6480582524271845 0.07524271844660194 0.09466019417475728
1 0.20752427184466019 0.5825242718446602 0.04854368932038835 0.0970873786407767
1 0.17597087378640777 0.5679611650485437 0.07524271844660194 0.10922330097087378
1 0.1104368932038835 0.5618932038834952 0.0703883495145631 0.0970873786407767
1 0.019417475728155338 0.5315533980582524 0.038834951456310676 0.10194174757281553
1 0.06310679611650485 0.375 0.050970873786407765 0.06067961165048544
1 0.16990291262135923 0.3762135922330097 0.06067961165048544 0.08009708737864078
1 0.28762135922330095 0.4199029126213592 0.05339805825242718 0.07524271844660194
1 0.36893203883495146 0.41383495145631066 0.06067961165048544 0.08009708737864078
1 0.47572815533980584 0.48058252427184467 0.0703883495145631 0.0825242718446602
1 0.5703883495145631 0.4975728155339806 0.06796116504854369 0.0825242718446602
1 0.9793689320388349 0.3713592233009709 0.03640776699029126 0.08737864077669903
1 0.8555825242718447 0.32402912621359226 0.0412621359223301 0.07766990291262135
1 0.7706310679611651 0.3106796116504854 0.055825242718446605 0.0825242718446602
1 0.6990291262135923 0.3058252427184466 0.055825242718446605 0.06553398058252427
1 0.6067961165048543 0.24635922330097088 0.05339805825242718 0.08009708737864078
1 0.5497572815533981 0.2536407766990291 0.04854368932038835 0.07766990291262135
1 0.4563106796116505 0.20388349514563106 0.04854368932038835 0.07766990291262135
1 0.3725728155339806 0.21844660194174756 0.04611650485436893 0.06796116504854369
1 0.26941747572815533 0.18810679611650485 0.04611650485436893 0.06796116504854369
1 0.17718446601941748 0.1820388349514563 0.055825242718446605 0.0825242718446602
1 0.11650485436893204 0.16868932038834952 0.050970873786407765 0.07524271844660194
1 0.14199029126213591 0.08495145631067962 0.043689320388349516 0.038834951456310676
1 0.2366504854368932 0.08373786407766991 0.03398058252427184 0.06067961165048544
1 0.3131067961165049 0.12378640776699029 0.04611650485436893 0.06796116504854369
1 0.4356796116504854 0.13470873786407767 0.043689320388349516 0.07524271844660194
1 0.587378640776699 0.10922330097087378 0.0412621359223301 0.0703883495145631
1 0.6662621359223301 0.14563106796116504 0.04854368932038835 0.07766990291262135
1 0.779126213592233 0.1808252427184466 0.04854368932038835 0.07766990291262135
1 0.875 0.16262135922330098 0.055825242718446605 0.0825242718446602
1 0.9745145631067961 0.19902912621359223 0.04854368932038835 0.07524271844660194
1 0.9271844660194175 0.06067961165048544 0.0412621359223301 0.06310679611650485
1 0.8519417475728155 0.06796116504854369 0.04854368932038835 0.06796116504854369
1 0.758495145631068 0.05825242718446602 0.04611650485436893 0.07524271844660194
1 0.7269417475728155 0.023058252427184466 0.0412621359223301 0.04611650485436893
1 0.6347087378640777 0.04733009708737864 0.043689320388349516 0.06310679611650485
1 0.5679611650485437 0.04975728155339806 0.043689320388349516 0.05339805825242718
1 0.5072815533980582 0.03398058252427184 0.043689320388349516 0.06310679611650485
1 0.42718446601941745 0.02912621359223301 0.050970873786407765 0.02912621359223301
1 0.308252427184466 0.04733009708737864 0.03640776699029126 0.019417475728155338