1 0.9356435643564357 0.4319306930693069 0.04702970297029703 0.10891089108910891
1 0.844059405940594 0.38366336633663367 0.06930693069306931 0.11386138613861387
1 0.7784653465346535 0.6905940594059405 0.05198019801980198 0.08168316831683169
1 0.6856435643564357 0.49133663366336633 0.054455445544554455 0.10396039603960396
1 0.620049504950495 0.40470297029702973 0.05198019801980198 0.08168316831683169
1 0.5594059405940595 0.4306930693069307 0.0594059405940594 0.08415841584158416
1 0.5099009900990099 0.4158415841584158 0.04702970297029703 0.06930693069306931
1 0.3948019801980198 0.3551980198019802 0.04702970297029703 0.08415841584158416
1 0.327970297029703 0.35148514851485146 0.05198019801980198 0.08415841584158416
1 0.22400990099009901 0.2685643564356436 0.05198019801980198 0.08168316831683169
2 0.7487623762376238 0.4146039603960396 0.054455445544554455 0.09653465346534654
2 0.6547029702970297 0.400990099009901 0.04207920792079208 0.06435643564356436
2 0.43564356435643564 0.37995049504950495 0.04455445544554455 0.09158415841584158
2 0.5754950495049505 0.39851485148514854 0.05198019801980198 0.08415841584158416