2 0.026595744680851064 0.33643617021276595 0.05319148936170213 0.10372340425531915
2 0.08643617021276596 0.3045212765957447 0.047872340425531915 0.07446808510638298
2 0.09840425531914894 0.3617021276595745 0.0398936170212766 0.09840425531914894
2 0.03856382978723404 0.5531914893617021 0.047872340425531915 0.08244680851063829
1 0.08776595744680851 0.6742021276595744 0.08244680851063829 0.13297872340425532
0 0.1595744680851064 0.7712765957446809 0.0851063829787234 0.14095744680851063
2 0.2393617021276596 0.11170212765957446 0.04521276595744681 0.07180851063829788
2 0.26728723404255317 0.2327127659574468 0.05851063829787234 0.09574468085106383
2 0.32845744680851063 0.2579787234042553 0.05053191489361702 0.09840425531914894
2 0.3670212765957447 0.261968085106383 0.047872340425531915 0.09840425531914894
2 0.2566489361702128 0.4720744680851064 0.061170212765957445 0.09308510638297872
1 0.3537234042553192 0.6156914893617021 0.07180851063829788 0.12234042553191489
1 0.4428191489361702 0.5824468085106383 0.06382978723404255 0.11702127659574468
2 0.4933510638297872 0.2074468085106383 0.047872340425531915 0.07712765957446809
2 0.5319148936170213 0.1981382978723404 0.0425531914893617 0.0797872340425532
1 0.5997340425531915 0.23404255319148937 0.05319148936170213 0.125
2 0.6781914893617021 0.06648936170212766 0.06648936170212766 0.12234042553191489
2 0.7726063829787234 0.06914893617021277 0.05053191489361702 0.0851063829787234
1 0.913563829787234 0.043882978723404256 0.08244680851063829 0.08776595744680851
1 0.9188829787234043 0.19148936170212766 0.07712765957446809 0.15425531914893617
2 0.24335106382978725 0.11569148936170212 0.047872340425531915 0.05851063829787234