1 0.18170731707317073 0.4170731707317073 0.07073170731707316 0.08536585365853659
1 0.3048780487804878 0.3695121951219512 0.07560975609756097 0.08780487804878048
1 0.424390243902439 0.3463414634146341 0.09024390243902439 0.0975609756097561
1 0.07804878048780488 0.4451219512195122 0.04390243902439024 0.05609756097560976
1 0.29878048780487804 0.3097560975609756 0.05121951219512195 0.06097560975609756
1 0.22439024390243903 0.34512195121951217 0.036585365853658534 0.04878048780487805
1 0.39390243902439026 0.3073170731707317 0.07560975609756097 0.0951219512195122
1 0.8646341463414634 0.15121951219512195 0.07073170731707316 0.08536585365853659
1 0.7024390243902439 0.17073170731707318 0.06829268292682927 0.08292682926829269
1 0.5951219512195122 0.22439024390243903 0.06829268292682927 0.08292682926829269
2 0.7634146341463415 0.16951219512195123 0.06829268292682927 0.1048780487804878
1 0.9048780487804878 0.07439024390243902 0.04878048780487805 0.06829268292682927
1 0.08170731707317073 0.49390243902439024 0.03902439024390244 0.07317073170731707