1 0.0266497461928934 0.43147208121827413 0.0532994923857868 0.08121827411167512
1 0.11928934010152284 0.4098984771573604 0.03299492385786802 0.048223350253807105
1 0.15355329949238578 0.5088832487309645 0.05583756345177665 0.06598984771573604
1 0.282994923857868 0.43147208121827413 0.08629441624365482 0.116751269035533
1 0.4098984771573604 0.5685279187817259 0.06852791878172589 0.1065989847715736
1 0.5786802030456852 0.5888324873096447 0.0532994923857868 0.07360406091370558
1 0.6142131979695431 0.5799492385786802 0.030456852791878174 0.04060913705583756
2 0.6560913705583756 0.5951776649746193 0.02284263959390863 0.03553299492385787
1 0.7373096446700508 0.684010152284264 0.05583756345177665 0.06598984771573604
0 0.8984771573604061 0.6725888324873096 0.07360406091370558 0.10406091370558376
1 0.7817258883248731 0.6281725888324873 0.02284263959390863 0.030456852791878174