1 0.8591370558375635 0.07106598984771574 0.06598984771573604 0.12436548223350254
1 0.7880710659898477 0.1598984771573604 0.07106598984771574 0.1116751269035533
1 0.6294416243654822 0.1548223350253807 0.04314720812182741 0.08375634517766498
1 0.5901015228426396 0.24238578680203046 0.07360406091370558 0.1446700507614213
1 0.5571065989847716 0.1916243654822335 0.04568527918781726 0.08883248730964467
1 0.5317258883248731 0.25 0.06091370558375635 0.116751269035533
1 0.5342639593908629 0.46573604060913704 0.07360406091370558 0.1218274111675127
1 0.4987309644670051 0.2436548223350254 0.030456852791878174 0.08121827411167512
1 0.4581218274111675 0.28553299492385786 0.04314720812182741 0.08883248730964467
1 0.4073604060913706 0.30583756345177665 0.048223350253807105 0.09898477157360407
1 0.3743654822335025 0.3286802030456853 0.06345177664974619 0.11928934010152284
1 0.32741116751269034 0.383248730964467 0.05583756345177665 0.09644670050761421
1 0.2956852791878173 0.4302030456852792 0.0583756345177665 0.1116751269035533
1 0.23730964467005075 0.4847715736040609 0.07614213197969544 0.1218274111675127
1 0.19543147208121828 0.3565989847715736 0.03807106598984772 0.07614213197969544
1 0.1548223350253807 0.4213197969543147 0.0532994923857868 0.10406091370558376
2 0.116751269035533 0.4416243654822335 0.050761421319796954 0.08883248730964467
1 0.08121827411167512 0.45050761421319796 0.03299492385786802 0.06345177664974619
1 0.03553299492385787 0.46446700507614214 0.0583756345177665 0.09644670050761421
1 0.01015228426395939 0.5126903553299492 0.02030456852791878 0.1218274111675127