0 0.8869346733668342 0.6432160804020101 0.22110552763819097 0.271356783919598
1 0.5603015075376885 0.7085427135678392 0.2185929648241206 0.25125628140703515
1 0.44974874371859297 0.785175879396985 0.13316582914572864 0.1934673366834171
1 0.3103015075376884 0.7763819095477387 0.21105527638190955 0.25125628140703515
1 0.14824120603015076 0.6708542713567839 0.15577889447236182 0.1934673366834171
1 0.31909547738693467 0.4183417085427136 0.11557788944723618 0.14824120603015076
1 0.25 0.36180904522613067 0.11557788944723618 0.13316582914572864
1 0.47613065326633164 0.3768844221105528 0.0829145728643216 0.10552763819095477
1 0.41708542713567837 0.30778894472361806 0.09547738693467336 0.10804020100502512
1 0.37814070351758794 0.1884422110552764 0.06532663316582915 0.07788944723618091
1 0.2876884422110553 0.14321608040201006 0.06030150753768844 0.07537688442211055
1 0.44472361809045224 0.1934673366834171 0.06030150753768844 0.07537688442211055
1 0.3944723618090452 0.1306532663316583 0.05025125628140704 0.05527638190954774
1 0.3241206030150754 0.0992462311557789 0.05527638190954774 0.05527638190954774
1 0.2236180904522613 0.06281407035175879 0.052763819095477386 0.04773869346733668
1 0.038944723618090454 0.016331658291457288 0.04271356783919598 0.032663316582914576