1 0.7855392156862745 0.15931372549019607 0.03431372549019608 0.061274509803921566
1 0.7022058823529411 0.12377450980392157 0.03431372549019608 0.051470588235294115
1 0.5514705882352942 0.11519607843137254 0.03676470588235294 0.07598039215686274
1 0.4117647058823529 0.029411764705882353 0.0392156862745098 0.058823529411764705
1 0.8333333333333334 0.3002450980392157 0.04656862745098039 0.07352941176470588
1 0.741421568627451 0.24387254901960784 0.04411764705882353 0.061274509803921566
1 0.6053921568627451 0.20220588235294118 0.04411764705882353 0.07352941176470588
1 0.6053921568627451 0.26715686274509803 0.0392156862745098 0.061274509803921566
1 0.6911764705882353 0.3639705882352941 0.04411764705882353 0.061274509803921566
1 0.8504901960784313 0.3909313725490196 0.05392156862745098 0.07352941176470588
1 0.9166666666666666 0.4742647058823529 0.049019607843137254 0.07598039215686274
1 0.8639705882352942 0.5098039215686274 0.04656862745098039 0.061274509803921566
1 0.8897058823529411 0.5821078431372549 0.04411764705882353 0.08333333333333333
1 0.8382352941176471 0.5992647058823529 0.04656862745098039 0.07598039215686274
1 0.8553921568627451 0.6825980392156863 0.061274509803921566 0.0857843137254902
1 0.9681372549019608 0.9031862745098039 0.058823529411764705 0.0857843137254902
1 0.9754901960784313 0.9865196078431373 0.04411764705882353 0.022058823529411766
1 0.8651960784313726 0.9448529411764706 0.061274509803921566 0.07598039215686274
1 0.6691176470588235 0.5416666666666666 0.056372549019607844 0.07352941176470588
1 0.6017156862745098 0.3897058823529412 0.04411764705882353 0.06862745098039216
1 0.7230392156862745 0.8566176470588235 0.061274509803921566 0.09558823529411764
1 0.5735294117647058 0.5735294117647058 0.05392156862745098 0.09313725490196079
1 0.36519607843137253 0.08088235294117647 0.03676470588235294 0.049019607843137254
1 0.35784313725490197 0.1323529411764706 0.0392156862745098 0.061274509803921566
1 0.27818627450980393 0.06985294117647059 0.03676470588235294 0.061274509803921566
1 0.33455882352941174 0.17034313725490197 0.0392156862745098 0.061274509803921566
1 0.23651960784313725 0.1323529411764706 0.04411764705882353 0.061274509803921566
1 0.2806372549019608 0.20220588235294118 0.049019607843137254 0.08333333333333333
1 0.36642156862745096 0.36887254901960786 0.049019607843137254 0.07598039215686274
1 0.4411764705882353 0.4730392156862745 0.049019607843137254 0.0857843137254902
1 0.3737745098039216 0.7401960784313726 0.058823529411764705 0.09558823529411764
1 0.18382352941176472 0.29534313725490197 0.049019607843137254 0.0857843137254902
1 0.20955882352941177 0.46568627450980393 0.05392156862745098 0.08333333333333333
1 0.031862745098039214 0.0196078431372549 0.049019607843137254 0.0392156862745098
1 0.00857843137254902 0.22058823529411764 0.01715686274509804 0.06372549019607843
1 0.09191176470588236 0.38357843137254904 0.049019607843137254 0.07598039215686274
1 0.13357843137254902 0.5759803921568627 0.04656862745098039 0.08333333333333333
1 0.11887254901960784 0.6213235294117647 0.06862745098039216 0.07352941176470588