1 0.11386138613861387 0.5247524752475248 0.12871287128712872 0.1782178217821782
1 0.33910891089108913 0.8923267326732673 0.1782178217821782 0.15594059405940594
1 0.32673267326732675 0.6472772277227723 0.1188118811881188 0.17326732673267325
1 0.2438118811881188 0.40594059405940597 0.07673267326732673 0.10396039603960396
1 0.275990099009901 0.349009900990099 0.06930693069306931 0.10891089108910891
1 0.474009900990099 0.46905940594059403 0.08415841584158416 0.12128712871287128
1 0.46782178217821785 0.3465346534653465 0.07425742574257425 0.10891089108910891
1 0.6287128712871287 0.4467821782178218 0.06683168316831684 0.0891089108910891
1 0.7425742574257426 0.5061881188118812 0.06683168316831684 0.10891089108910891
1 0.8861386138613861 0.6126237623762376 0.08415841584158416 0.15099009900990099
1 0.49133663366336633 0.3118811881188119 0.07673267326732673 0.11386138613861387