1 0.6796116504854369 0.29004854368932037 0.05339805825242718 0.11893203883495146
1 0.5424757281553398 0.24271844660194175 0.06310679611650485 0.11893203883495146
1 0.1383495145631068 0.061893203883495146 0.06796116504854369 0.12378640776699029
1 0.04004854368932039 0.044902912621359224 0.009708737864077669 0.03398058252427184
2 0.23786407766990292 0.08980582524271845 0.0048543689320388345 0.019417475728155338
1 0.32038834951456313 0.12014563106796117 0.009708737864077669 0.019417475728155338
1 0.41504854368932037 0.16019417475728157 0.0024271844660194173 0.012135922330097087
1 0.3895631067961165 0.14805825242718446 0.0048543689320388345 0.012135922330097087
1 0.3871359223300971 0.14320388349514562 0.0048543689320388345 0.019417475728155338
1 0.36529126213592233 0.13228155339805825 0.0024271844660194173 0.012135922330097087
1 0.35558252427184467 0.13470873786407767 0.0024271844660194173 0.012135922330097087