1 0.3337696335078534 0.5431937172774869 0.112565445026178 0.1544502617801047
1 0.32722513089005234 0.3285340314136126 0.12041884816753927 0.10209424083769633
1 0.6256544502617801 0.6714659685863874 0.1256544502617801 0.193717277486911
1 0.5497382198952879 0.5458115183246073 0.09162303664921466 0.1649214659685864
1 0.6793193717277487 0.22643979057591623 0.04712041884816754 0.06282722513089005
0 0.1950261780104712 0.35340314136125656 0.05759162303664921 0.06806282722513089
2 0.007853403141361256 0.4083769633507853 0.015706806282722512 0.05235602094240838
2 0.4698952879581152 0.24345549738219896 0.05235602094240838 0.07329842931937172
2 0.7408376963350786 0.14136125654450263 0.04450261780104712 0.07068062827225131
2 0.5471204188481675 0.40706806282722513 0.06806282722513089 0.08376963350785341
1 0.900523560209424 0.24214659685863874 0.04712041884816754 0.0549738219895288
2 0.9463350785340314 0.25785340314136124 0.07068062827225131 0.09162303664921466
2 0.9528795811518325 0.38350785340314136 0.06806282722513089 0.1256544502617801
2 0.975130890052356 0.24083769633507854 0.04450261780104712 0.07329842931937172