1 0.07449494949494949 0.8383838383838383 0.14898989898989898 0.3181818181818182
2 0.4772727272727273 0.10606060606060606 0.07323232323232323 0.08585858585858586
1 0.36237373737373735 0.13636363636363635 0.10353535353535354 0.09595959595959595
1 0.2815656565656566 0.2727272727272727 0.09848484848484848 0.10606060606060606
1 0.37752525252525254 0.25252525252525254 0.12878787878787878 0.13383838383838384
2 0.6414141414141414 0.1919191919191919 0.07828282828282829 0.09090909090909091
2 0.5959595959595959 0.2601010101010101 0.10858585858585859 0.1111111111111111
1 0.7575757575757576 0.09343434343434344 0.10858585858585859 0.12373737373737374
1 0.9040404040404041 0.09848484848484848 0.08838383838383838 0.10353535353535354
1 0.8232323232323232 0.3977272727272727 0.14898989898989898 0.14393939393939395
1 0.9734848484848485 0.2196969696969697 0.047979797979797977 0.11616161616161616
1 0.5176767676767676 0.43308080808080807 0.13131313131313133 0.14646464646464646