1 0.3048780487804878 0.6792682926829269 0.14878048780487804 0.23902439024390243
1 0.18658536585365854 0.5865853658536585 0.16097560975609757 0.24634146341463414
1 0.06341463414634146 0.4878048780487805 0.07317073170731707 0.12926829268292683
1 0.2073170731707317 0.27682926829268295 0.08048780487804878 0.10975609756097561
1 0.10853658536585366 0.24634146341463414 0.041463414634146344 0.08536585365853659
1 0.3329268292682927 0.3780487804878049 0.0975609756097561 0.14390243902439023
1 0.41341463414634144 0.2 0.05609756097560976 0.0951219512195122
1 0.44390243902439025 0.4560975609756098 0.09024390243902439 0.13902439024390245
1 0.6390243902439025 0.44878048780487806 0.09024390243902439 0.15121951219512195
1 0.5121951219512195 0.3621951219512195 0.07073170731707316 0.1
1 0.7609756097560976 0.4024390243902439 0.07073170731707316 0.0975609756097561
1 0.8792682926829268 0.501219512195122 0.09024390243902439 0.14634146341463414
1 0.9658536585365853 0.348780487804878 0.06341463414634146 0.1024390243902439
1 0.802439024390244 0.2 0.06829268292682927 0.09268292682926829
1 0.6926829268292682 0.15365853658536585 0.06341463414634146 0.0975609756097561
1 0.5634146341463414 0.21097560975609755 0.03902439024390244 0.06829268292682927
1 0.5048780487804878 0.2524390243902439 0.041463414634146344 0.07804878048780488
1 0.9060975609756098 0.1402439024390244 0.06829268292682927 0.0975609756097561