1 0.8649732620320856 0.19919786096256684 0.06417112299465241 0.10160427807486631
1 0.8181818181818182 0.24866310160427807 0.0855614973262032 0.13101604278074866
2 0.856951871657754 0.4157754010695187 0.08288770053475936 0.11764705882352941
1 0.5868983957219251 0.12165775401069519 0.09358288770053476 0.10695187165775401
1 0.6751336898395722 0.4304812834224599 0.09090909090909091 0.1443850267379679
0 0.8957219251336899 0.7366310160427807 0.09358288770053476 0.16844919786096257
1 0.9572192513368984 0.8422459893048129 0.08021390374331551 0.18181818181818182
1 0.766042780748663 0.963903743315508 0.10962566844919786 0.06684491978609626
1 0.33689839572192515 0.10828877005347594 0.10427807486631016 0.13101604278074866
1 0.39572192513368987 0.32085561497326204 0.0962566844919786 0.13903743315508021
1 0.5267379679144385 0.7647058823529411 0.09090909090909091 0.12566844919786097
1 0.5093582887700535 0.8676470588235294 0.11764705882352941 0.16310160427807488
1 0.14705882352941177 0.09358288770053476 0.09358288770053476 0.12566844919786097
1 0.27406417112299464 0.3983957219251337 0.0855614973262032 0.13903743315508021
1 0.05481283422459893 0.08823529411764706 0.10962566844919786 0.16042780748663102
1 0.04411764705882353 0.5935828877005348 0.08823529411764706 0.1443850267379679