1 0.15755208333333334 0.7239583333333334 0.15364583333333334 0.21614583333333334
2 0.17317708333333334 0.4973958333333333 0.1171875 0.16145833333333334
2 0.56640625 0.5651041666666666 0.1171875 0.16145833333333334
1 0.4453125 0.7109375 0.15364583333333334 0.20833333333333334
1 0.04296875 0.5130208333333334 0.0859375 0.125
1 0.8151041666666666 0.6640625 0.1328125 0.2109375
1 0.9609375 0.5416666666666666 0.07291666666666667 0.13020833333333334
1 0.74609375 0.6080729166666666 0.07552083333333333 0.13541666666666666
1 0.6731770833333334 0.5442708333333334 0.08072916666666667 0.11197916666666667
1 0.6458333333333334 0.49609375 0.09375 0.1484375
1 0.5130208333333334 0.4830729166666667 0.09114583333333333 0.1328125
1 0.4635416666666667 0.4791666666666667 0.06510416666666667 0.09635416666666667
1 0.4466145833333333 0.3736979166666667 0.046875 0.078125
1 0.3385416666666667 0.32421875 0.059895833333333336 0.07552083333333333
2 0.7408854166666666 0.5052083333333334 0.06510416666666667 0.1015625
1 0.9518229166666666 0.4322916666666667 0.052083333333333336 0.078125
1 0.6966145833333334 0.3841145833333333 0.06770833333333333 0.09375
2 0.609375 0.32421875 0.049479166666666664 0.07291666666666667
1 0.5716145833333334 0.2955729166666667 0.026041666666666668 0.046875
1 0.44140625 0.2799479166666667 0.028645833333333332 0.044270833333333336
1 0.66015625 0.32421875 0.036458333333333336 0.052083333333333336
1 0.8502604166666666 0.2955729166666667 0.03125 0.041666666666666664
1 0.3776041666666667 0.3424479166666667 0.052083333333333336 0.0703125
1 0.4713541666666667 0.4127604166666667 0.046875 0.078125
1 0.15885416666666666 0.26171875 0.036458333333333336 0.057291666666666664
1 0.11328125 0.24739583333333334 0.036458333333333336 0.059895833333333336
1 0.28515625 0.30859375 0.028645833333333332 0.044270833333333336
1 0.13671875 0.24609375 0.033854166666666664 0.052083333333333336