1 0.020942408376963352 0.15837696335078533 0.041884816753926704 0.10732984293193717
1 0.07329842931937172 0.14136125654450263 0.05235602094240838 0.08376963350785341
1 0.12041884816753927 0.12172774869109948 0.03926701570680628 0.06806282722513089
1 0.21465968586387435 0.225130890052356 0.06282722513089005 0.10209424083769633
1 0.3769633507853403 0.2591623036649215 0.06282722513089005 0.10209424083769633
1 0.45418848167539266 0.21465968586387435 0.1099476439790576 0.18324607329842932
1 0.5602094240837696 0.2356020942408377 0.05759162303664921 0.12041884816753927
1 0.680628272251309 0.35602094240837695 0.03926701570680628 0.060209424083769635
1 0.7395287958115183 0.3285340314136126 0.05759162303664921 0.10471204188481675
1 0.8520942408376964 0.41361256544502617 0.04450261780104712 0.08376963350785341
1 0.9397905759162304 0.412303664921466 0.04450261780104712 0.08900523560209424
1 0.9725130890052356 0.40706806282722513 0.02617801047120419 0.06806282722513089
1 0.20680628272251309 0.13089005235602094 0.03926701570680628 0.0549738219895288