1 0.23289473684210527 0.6657894736842105 0.15789473684210525 0.19210526315789472
2 0.13026315789473683 0.4394736842105263 0.12105263157894737 0.14736842105263157
2 0.5736842105263158 0.5421052631578948 0.12105263157894737 0.14736842105263157
1 0.525 0.6789473684210526 0.1631578947368421 0.18421052631578946
1 0.02368421052631579 0.4394736842105263 0.04736842105263158 0.11052631578947368
1 0.8802631578947369 0.6631578947368421 0.13421052631578947 0.18947368421052632
1 0.9631578947368421 0.5539473684210526 0.06842105263157895 0.11315789473684211
1 0.7828947368421053 0.6013157894736842 0.07368421052631578 0.12368421052631579
1 0.6710526315789473 0.5289473684210526 0.08157894736842106 0.09736842105263158
1 0.6157894736842106 0.4776315789473684 0.09210526315789473 0.13421052631578947
1 0.47368421052631576 0.4513157894736842 0.09736842105263158 0.11842105263157894
1 0.41973684210526313 0.44473684210526315 0.06578947368421052 0.08947368421052632
1 0.34342105263157896 0.33421052631578946 0.04736842105263158 0.06842105263157895
1 0.20657894736842106 0.275 0.06578947368421052 0.06578947368421052
2 0.7210526315789474 0.49473684210526314 0.06578947368421052 0.09210526315789473
1 0.8973684210526316 0.4381578947368421 0.05526315789473684 0.06842105263157895
1 0.6078947368421053 0.36973684210526314 0.06842105263157895 0.08421052631578947
2 0.4855263157894737 0.29736842105263156 0.05263157894736842 0.06578947368421052
1 0.4328947368421053 0.26842105263157895 0.02368421052631579 0.04473684210526316
1 0.2881578947368421 0.2381578947368421 0.02631578947368421 0.039473684210526314
1 0.5381578947368421 0.3026315789473684 0.03684210526315789 0.04473684210526316
1 0.7197368421052631 0.29342105263157897 0.031578947368421054 0.03684210526315789
1 0.25526315789473686 0.2986842105263158 0.05526315789473684 0.060526315789473685
1 0.39210526315789473 0.3763157894736842 0.04736842105263158 0.06842105263157895
1 0.003947368421052632 0.19605263157894737 0.007894736842105263 0.05526315789473684
1 0.14342105263157895 0.25526315789473686 0.02631578947368421 0.039473684210526314