2 0.15782828282828282 0.003787878787878788 0.08333333333333333 0.007575757575757576
1 0.08838383838383838 0.2840909090909091 0.07828282828282829 0.10858585858585859
1 0.30808080808080807 0.21717171717171718 0.08080808080808081 0.09343434343434344
1 0.3952020202020202 0.03535353535353535 0.08838383838383838 0.0707070707070707
2 0.0707070707070707 0.4154040404040404 0.0707070707070707 0.09848484848484848
1 0.041666666666666664 0.7462121212121212 0.08333333333333333 0.1388888888888889
0 0.09595959595959595 0.6767676767676768 0.07828282828282829 0.12373737373737374
1 0.2588383838383838 0.45075757575757575 0.07828282828282829 0.10858585858585859
1 0.5959595959595959 0.10984848484848485 0.08333333333333333 0.09090909090909091
1 0.5555555555555556 0.2474747474747475 0.09343434343434344 0.10858585858585859
1 0.5366161616161617 0.4090909090909091 0.08585858585858586 0.10858585858585859
1 0.2727272727272727 0.9204545454545454 0.09595959595959595 0.12626262626262627
1 0.47853535353535354 0.7525252525252525 0.09848484848484848 0.10858585858585859
1 0.5138888888888888 0.8383838383838383 0.10101010101010101 0.12626262626262627
1 0.6843434343434344 0.49242424242424243 0.07575757575757576 0.10101010101010101
1 0.76010101010101 0.26262626262626265 0.08333333333333333 0.10353535353535354
1 0.8585858585858586 0.26641414141414144 0.08333333333333333 0.11363636363636363
1 0.9734848484848485 0.09217171717171717 0.047979797979797977 0.08838383838383838
1 0.9772727272727273 0.369949494949495 0.04040404040404041 0.10353535353535354
1 0.9583333333333334 0.6856060606060606 0.07828282828282829 0.10353535353535354