2 0.061274509803921566 0.16299019607843138 0.09803921568627451 0.12745098039215685
1 0.19607843137254902 0.14583333333333334 0.06372549019607843 0.08333333333333333
1 0.23651960784313725 0.1568627450980392 0.049019607843137254 0.061274509803921566
1 0.30637254901960786 0.15196078431372548 0.05392156862745098 0.07352941176470588
1 0.18995098039215685 0.3394607843137255 0.10294117647058823 0.125
1 0.30269607843137253 0.48161764705882354 0.14950980392156862 0.19117647058823528
1 0.3590686274509804 0.17769607843137256 0.0392156862745098 0.056372549019607844
1 0.3860294117647059 0.2181372549019608 0.051470588235294115 0.06372549019607843
1 0.46078431372549017 0.28921568627450983 0.0784313725490196 0.12254901960784313
1 0.5232843137254902 0.22426470588235295 0.05392156862745098 0.0857843137254902
1 0.6691176470588235 0.47058823529411764 0.1323529411764706 0.16176470588235295
1 0.8958333333333334 0.8995098039215687 0.2034313725490196 0.19607843137254902
1 0.758578431372549 0.34191176470588236 0.0857843137254902 0.10784313725490197