1 0.12864077669902912 0.3276699029126214 0.05339805825242718 0.08980582524271845
1 0.2487864077669903 0.3058252427184466 0.06553398058252427 0.0970873786407767
1 0.34101941747572817 0.2973300970873786 0.05339805825242718 0.07281553398058252
1 0.4393203883495146 0.1529126213592233 0.07766990291262135 0.1262135922330097
1 0.49514563106796117 0.1820388349514563 0.043689320388349516 0.06067961165048544
1 0.5703883495145631 0.16868932038834952 0.06553398058252427 0.0970873786407767
1 0.6359223300970874 0.3325242718446602 0.06067961165048544 0.0970873786407767
1 0.6978155339805825 0.10436893203883495 0.06553398058252427 0.0970873786407767
1 0.7839805825242718 0.13470873786407767 0.06310679611650485 0.09951456310679611
1 0.8507281553398058 0.13470873786407767 0.043689320388349516 0.07281553398058252
1 0.8932038834951457 0.12135922330097088 0.055825242718446605 0.07766990291262135
1 0.9186893203883495 0.06674757281553398 0.03398058252427184 0.05339805825242718
1 0.9781553398058253 0.03762135922330097 0.038834951456310676 0.07524271844660194