2 0.09975961538461539 0.2848557692307692 0.06009615384615385 0.08173076923076923
1 0.14783653846153846 0.3293269230769231 0.0985576923076923 0.1466346153846154
1 0.21153846153846154 0.3173076923076923 0.040865384615384616 0.04567307692307692
1 0.36899038461538464 0.25721153846153844 0.07932692307692307 0.10817307692307693
1 0.4074519230769231 0.2860576923076923 0.05048076923076923 0.07692307692307693
1 0.5853365384615384 0.2860576923076923 0.052884615384615384 0.07692307692307693
2 0.6502403846153846 0.23557692307692307 0.052884615384615384 0.08173076923076923
1 0.6766826923076923 0.3016826923076923 0.06009615384615385 0.08173076923076923
1 0.8353365384615384 0.3076923076923077 0.07451923076923077 0.10096153846153846
2 0.43509615384615385 0.36899038461538464 0.038461538461538464 0.040865384615384616
1 0.7776442307692307 0.2127403846153846 0.03365384615384615 0.04807692307692308