1 0.2782051282051282 0.6730769230769231 0.14358974358974358 0.21025641025641026
2 0.16794871794871793 0.4461538461538462 0.1076923076923077 0.15897435897435896
2 0.5858974358974359 0.5628205128205128 0.1076923076923077 0.15897435897435896
1 0.5525641025641026 0.6961538461538461 0.14615384615384616 0.2
1 0.04487179487179487 0.44487179487179485 0.08717948717948718 0.11794871794871795
1 0.882051282051282 0.6923076923076923 0.12051282051282051 0.21025641025641026
1 0.958974358974359 0.5820512820512821 0.07692307692307693 0.1282051282051282
1 0.7858974358974359 0.6269230769230769 0.06666666666666667 0.13846153846153847
1 0.6782051282051282 0.5512820512820513 0.07692307692307693 0.1076923076923077
1 0.6217948717948718 0.5 0.08205128205128205 0.14615384615384616
1 0.4897435897435897 0.4705128205128205 0.08717948717948718 0.1282051282051282
1 0.4371794871794872 0.46025641025641023 0.05641025641025641 0.09487179487179487
1 0.36025641025641025 0.35 0.04358974358974359 0.07692307692307693
1 0.23076923076923078 0.28717948717948716 0.06153846153846154 0.07435897435897436
2 0.7217948717948718 0.5192307692307693 0.05641025641025641 0.10256410256410256
1 0.8846153846153846 0.4705128205128205 0.05128205128205128 0.07692307692307693
1 0.6115384615384616 0.3923076923076923 0.0641025641025641 0.09230769230769231
2 0.491025641025641 0.3192307692307692 0.04871794871794872 0.07435897435897436
1 0.43846153846153846 0.28846153846153844 0.023076923076923078 0.05128205128205128
1 0.30256410256410254 0.2551282051282051 0.02564102564102564 0.04358974358974359
1 0.541025641025641 0.32564102564102565 0.03076923076923077 0.05128205128205128
1 0.708974358974359 0.3192307692307692 0.028205128205128206 0.041025641025641026
1 0.2782051282051282 0.31153846153846154 0.05128205128205128 0.06666666666666667
1 0.40897435897435896 0.3935897435897436 0.04358974358974359 0.07692307692307693
1 0.017948717948717947 0.20256410256410257 0.03076923076923077 0.05384615384615385
1 0.16923076923076924 0.26666666666666666 0.02564102564102564 0.04358974358974359
1 0.0038461538461538464 0.18717948717948718 0.007692307692307693 0.05641025641025641