1 0.03409090909090909 0.5820707070707071 0.06818181818181818 0.11868686868686869
1 0.06691919191919192 0.41414141414141414 0.04292929292929293 0.06060606060606061
1 0.10353535353535354 0.3787878787878788 0.025252525252525252 0.04292929292929293
1 0.1830808080808081 0.42045454545454547 0.04040404040404041 0.047979797979797977
1 0.22348484848484848 0.3522727272727273 0.027777777777777776 0.047979797979797977
1 0.1590909090909091 0.33585858585858586 0.022727272727272728 0.03282828282828283
1 0.2777777777777778 0.5328282828282829 0.12373737373737374 0.18181818181818182
1 0.4027777777777778 0.39015151515151514 0.025252525252525252 0.03282828282828283
1 0.2828282828282828 0.3472222222222222 0.022727272727272728 0.027777777777777776
1 0.4431818181818182 0.4595959595959596 0.045454545454545456 0.05808080808080808
1 0.547979797979798 0.45580808080808083 0.06818181818181818 0.09343434343434344
1 0.4962121212121212 0.398989898989899 0.017676767676767676 0.03282828282828283
1 0.4494949494949495 0.38762626262626265 0.020202020202020204 0.022727272727272728
1 0.5921717171717171 0.36363636363636365 0.027777777777777776 0.03787878787878788
1 0.7146464646464646 0.4116161616161616 0.027777777777777776 0.030303030303030304
1 0.7638888888888888 0.4671717171717172 0.025252525252525252 0.03535353535353535
1 0.8446969696969697 0.47474747474747475 0.05555555555555555 0.07323232323232323
1 0.9166666666666666 0.4292929292929293 0.022727272727272728 0.03535353535353535
1 0.6755050505050505 0.38257575757575757 0.010101010101010102 0.017676767676767676
1 0.7159090909090909 0.35984848484848486 0.015151515151515152 0.022727272727272728
1 0.7474747474747475 0.380050505050505 0.012626262626262626 0.017676767676767676
1 0.7941919191919192 0.42297979797979796 0.022727272727272728 0.03535353535353535
1 0.9873737373737373 0.42297979797979796 0.020202020202020204 0.03787878787878788