1 0.9698952879581152 0.9280104712041884 0.0549738219895288 0.1387434554973822
1 0.8612565445026178 0.8298429319371727 0.09424083769633508 0.15706806282722513
1 0.7342931937172775 0.7630890052356021 0.17277486910994763 0.3193717277486911
1 0.5078534031413613 0.606020942408377 0.10732984293193717 0.22251308900523561
1 0.637434554973822 0.2054973821989529 0.05759162303664921 0.10471204188481675
1 0.5314136125654451 0.056282722513089 0.04712041884816754 0.08115183246073299
1 0.5287958115183246 0.2054973821989529 0.04712041884816754 0.0968586387434555
1 0.4306282722513089 0.07722513089005235 0.03926701570680628 0.060209424083769635
1 0.331151832460733 0.08638743455497382 0.049738219895287955 0.08900523560209424
1 0.39528795811518325 0.331151832460733 0.049738219895287955 0.09162303664921466
1 0.2879581151832461 0.5301047120418848 0.13350785340314136 0.22251308900523561
1 0.15968586387434555 0.11649214659685864 0.04450261780104712 0.07853403141361257
2 0.08638743455497382 0.27486910994764396 0.04712041884816754 0.08115183246073299
2 0.2604712041884817 0.13089005235602094 0.049738219895287955 0.08900523560209424
2 0.5366492146596858 0.43455497382198954 0.06544502617801047 0.10471204188481675