0 0.11557788944723618 0.3015075376884422 0.14824120603015076 0.35175879396984927
1 0.4484924623115578 0.5992462311557789 0.12562814070351758 0.34673366834170855
1 0.5603015075376885 0.7638190954773869 0.07788944723618091 0.2613065326633166
1 0.6959798994974874 0.8404522613065326 0.135678391959799 0.314070351758794
1 0.8517587939698492 0.8178391959798995 0.09798994974874371 0.27386934673366836
1 0.6758793969849246 0.3969849246231156 0.0678391959798995 0.1934673366834171
1 0.742462311557789 0.3731155778894472 0.07035175879396985 0.1658291457286432
1 0.5226130653266332 0.24246231155778894 0.04522613065326633 0.1457286432160804
1 0.5703517587939698 0.1934673366834171 0.052763819095477386 0.1306532663316583
1 0.4861809045226131 0.3065326633165829 0.07035175879396985 0.1306532663316583
1 0.6092964824120602 0.08040201005025126 0.04020100502512563 0.09296482412060302
1 0.6972361809045227 0.07788944723618091 0.04020100502512563 0.07788944723618091
1 0.542713567839196 0.04271356783919598 0.04020100502512563 0.08542713567839195