1 0.9025641025641026 0.48846153846153845 0.15128205128205127 0.2205128205128205
1 0.8128205128205128 0.7769230769230769 0.16666666666666666 0.2512820512820513
1 0.6743589743589744 0.4461538461538462 0.08717948717948718 0.13076923076923078
1 0.7589743589743589 0.4307692307692308 0.06666666666666667 0.08461538461538462
1 0.6794871794871795 0.31025641025641026 0.06666666666666667 0.09487179487179487
1 0.5615384615384615 0.37051282051282053 0.0641025641025641 0.11794871794871795
1 0.5987179487179487 0.32564102564102565 0.041025641025641026 0.06153846153846154
1 0.5038461538461538 0.5128205128205128 0.09487179487179487 0.15128205128205127
1 0.34487179487179487 0.4346153846153846 0.09230769230769231 0.15128205128205127
1 0.1782051282051282 0.4269230769230769 0.07179487179487179 0.11794871794871795
1 0.20512820512820512 0.6858974358974359 0.12307692307692308 0.17692307692307693
1 0.12435897435897436 0.9397435897435897 0.20256410256410257 0.11538461538461539
1 0.05641025641025641 0.48846153846153845 0.05384615384615385 0.08717948717948718
1 0.015384615384615385 0.5846153846153846 0.03076923076923077 0.08717948717948718
1 0.03461538461538462 0.8564102564102564 0.06923076923076923 0.2717948717948718
1 0.27692307692307694 0.4794871794871795 0.05641025641025641 0.08717948717948718
1 0.00641025641025641 0.4807692307692308 0.01282051282051282 0.05897435897435897