1 0.20979899497487436 0.21482412060301506 0.0829145728643216 0.11557788944723618
1 0.9798994974874372 0.15452261306532664 0.035175879396984924 0.0829145728643216
1 0.41708542713567837 0.21608040201005024 0.06532663316582915 0.08542713567839195
1 0.3278894472361809 0.33040201005025127 0.04271356783919598 0.06030150753768844
0 0.08793969849246232 0.36180904522613067 0.06532663316582915 0.09296482412060302
0 0.5917085427135679 0.19597989949748743 0.0728643216080402 0.11809045226130653
0 0.9522613065326633 0.23115577889447236 0.07788944723618091 0.10804020100502512
2 0.8655778894472361 0.2600502512562814 0.0728643216080402 0.10050251256281408
2 0.8391959798994975 0.19974874371859297 0.05025125628140704 0.07035175879396985
2 0.7010050251256281 0.22989949748743718 0.05778894472361809 0.07035175879396985
2 0.457286432160804 0.23241206030150754 0.05527638190954774 0.07537688442211055
2 0.34296482412060303 0.18467336683417085 0.06030150753768844 0.07788944723618091