2 0.8434466019417476 0.42597087378640774 0.08980582524271845 0.12378640776699029
2 0.7973300970873787 0.28519417475728154 0.07766990291262135 0.09951456310679611
1 0.7220873786407767 0.2669902912621359 0.06796116504854369 0.08495145631067962
2 0.6796116504854369 0.3337378640776699 0.06796116504854369 0.09223300970873786
1 0.6274271844660194 0.25606796116504854 0.06553398058252427 0.0970873786407767
2 0.6783980582524272 0.18325242718446602 0.07524271844660194 0.11407766990291263
1 0.9029126213592233 0.6116504854368932 0.07766990291262135 0.16747572815533981
2 0.8543689320388349 0.6735436893203883 0.10679611650485436 0.16990291262135923
2 0.8179611650485437 0.787621359223301 0.10922330097087378 0.1796116504854369
1 0.7342233009708737 0.8689320388349514 0.1407766990291262 0.21601941747572814
1 0.633495145631068 0.5097087378640777 0.09223300970873786 0.14805825242718446
1 0.587378640776699 0.34101941747572817 0.08495145631067962 0.10679611650485436
2 0.5424757281553398 0.1662621359223301 0.05339805825242718 0.07766990291262135
1 0.4538834951456311 0.18325242718446602 0.06067961165048544 0.11165048543689321
1 0.4866504854368932 0.23907766990291263 0.04854368932038835 0.09466019417475728
1 0.4065533980582524 0.1820388349514563 0.06067961165048544 0.0970873786407767
2 0.3313106796116505 0.13228155339805825 0.055825242718446605 0.09223300970873786
2 0.30339805825242716 0.20752427184466019 0.08737864077669903 0.12864077669902912
1 0.5230582524271845 0.44781553398058255 0.07766990291262135 0.12135922330097088
1 0.5788834951456311 0.6237864077669902 0.08980582524271845 0.11893203883495146
1 0.4441747572815534 0.5121359223300971 0.08980582524271845 0.14805825242718446
2 0.6043689320388349 0.8021844660194175 0.06553398058252427 0.12135922330097088
2 0.662621359223301 0.8385922330097088 0.0703883495145631 0.17475728155339806
1 0.5036407766990292 0.9077669902912622 0.13349514563106796 0.1796116504854369
1 0.3786407766990291 0.5655339805825242 0.0970873786407767 0.14563106796116504
1 0.38470873786407767 0.7973300970873787 0.0825242718446602 0.17233009708737865
1 0.29975728155339804 0.41262135922330095 0.07281553398058252 0.10922330097087378
1 0.25849514563106796 0.5364077669902912 0.0825242718446602 0.12864077669902912
2 0.220873786407767 0.12257281553398058 0.0703883495145631 0.10194174757281553
2 0.25849514563106796 0.24271844660194175 0.055825242718446605 0.07281553398058252
2 0.18325242718446602 0.1529126213592233 0.06067961165048544 0.08980582524271845
1 0.08373786407766991 0.125 0.050970873786407765 0.09223300970873786
2 0.1783980582524272 0.25970873786407767 0.06067961165048544 0.09223300970873786
1 0.17233009708737865 0.5194174757281553 0.09223300970873786 0.09466019417475728
2 0.18567961165048544 0.758495145631068 0.11165048543689321 0.14563106796116504