1 0.09158415841584158 0.7091584158415841 0.18316831683168316 0.2301980198019802
1 0.15841584158415842 0.8960396039603961 0.21287128712871287 0.20297029702970298
1 0.3118811881188119 0.5495049504950495 0.10891089108910891 0.13613861386138615
1 0.2301980198019802 0.5792079207920792 0.08415841584158416 0.0891089108910891
1 0.3155940594059406 0.42698019801980197 0.07920792079207921 0.09653465346534654
1 0.43316831683168316 0.422029702970297 0.07920792079207921 0.12128712871287128
1 0.3972772277227723 0.39851485148514854 0.05198019801980198 0.06188118811881188
1 0.4839108910891089 0.5185643564356436 0.1188118811881188 0.15346534653465346
1 0.6497524752475248 0.36633663366336633 0.11386138613861387 0.15346534653465346
1 0.8155940594059405 0.27103960396039606 0.08663366336633663 0.12128712871287128
1 0.7747524752475248 0.5222772277227723 0.15346534653465346 0.1806930693069307
1 0.8391089108910891 0.7722772277227723 0.22277227722772278 0.2698019801980198
1 0.9368811881188119 0.2623762376237624 0.06683168316831684 0.09158415841584158
1 0.9752475247524752 0.3193069306930693 0.04455445544554455 0.09405940594059406
1 0.9443069306930693 0.5742574257425742 0.09158415841584158 0.2747524752475248
1 0.7165841584158416 0.37004950495049505 0.06930693069306931 0.09158415841584158
1 0.9888613861386139 0.21782178217821782 0.017326732673267328 0.06435643564356436