2 0.112565445026178 0.4856020942408377 0.1099476439790576 0.19895287958115182
2 0.19109947643979058 0.581151832460733 0.10209424083769633 0.15968586387434555
2 0.2054973821989529 0.7552356020942408 0.112565445026178 0.20680628272251309
2 0.2486910994764398 0.39528795811518325 0.10471204188481675 0.19633507853403143
2 0.362565445026178 0.6321989528795812 0.12827225130890052 0.23821989528795812
1 0.4829842931937173 0.6086387434554974 0.1544502617801047 0.2879581151832461
2 0.569371727748691 0.28664921465968585 0.0968586387434555 0.19633507853403143
2 0.6662303664921466 0.6178010471204188 0.13612565445026178 0.2356020942408377
2 0.6714659685863874 0.43848167539267013 0.1099476439790576 0.19895287958115182
1 0.9463350785340314 0.4568062827225131 0.10209424083769633 0.27486910994764396
2 0.7277486910994765 0.06806282722513089 0.09424083769633508 0.13612565445026178
2 0.9358638743455497 0.03926701570680628 0.07591623036649214 0.07853403141361257
2 0.5052356020942408 0.28534031413612565 0.08900523560209424 0.14136125654450263