1 0.3058510638297872 0.3404255319148936 0.11702127659574468 0.14893617021276595
1 0.17287234042553193 0.21941489361702127 0.09840425531914894 0.14095744680851063
1 0.4375 0.19547872340425532 0.11170212765957446 0.1595744680851064
1 0.6223404255319149 0.40425531914893614 0.09574468085106383 0.11436170212765957
1 0.6183510638297872 0.3071808510638298 0.09042553191489362 0.11702127659574468
1 0.9667553191489362 0.35904255319148937 0.061170212765957445 0.31382978723404253
1 0.7194148936170213 0.32313829787234044 0.07712765957446809 0.09308510638297872
1 0.7965425531914894 0.2925531914893617 0.0851063829787234 0.09308510638297872
1 0.9747340425531915 0.2898936170212766 0.04521276595744681 0.0797872340425532
1 0.8763297872340425 0.28324468085106386 0.06648936170212766 0.06914893617021277
1 0.9348404255319149 0.2526595744680851 0.03723404255319149 0.05053191489361702
1 0.5611702127659575 0.24069148936170212 0.04521276595744681 0.061170212765957445