1 0.025240384615384616 0.30408653846153844 0.05048076923076923 0.11778846153846154
1 0.17548076923076922 0.23798076923076922 0.08173076923076923 0.10096153846153846
1 0.15384615384615385 0.04927884615384615 0.08653846153846154 0.0985576923076923
2 0.06129807692307692 0.42908653846153844 0.06971153846153846 0.10817307692307693
1 0.1502403846153846 0.8389423076923077 0.06490384615384616 0.15625
1 0.19110576923076922 0.7475961538461539 0.09615384615384616 0.14423076923076922
0 0.21514423076923078 0.6814903846153846 0.07932692307692307 0.13701923076923078
1 0.25 0.46274038461538464 0.07692307692307693 0.11538461538461539
1 0.3786057692307692 0.12980769230769232 0.08413461538461539 0.09615384615384616
1 0.41225961538461536 0.2620192307692308 0.09134615384615384 0.11538461538461539
1 0.47716346153846156 0.41947115384615385 0.08413461538461539 0.11538461538461539
1 0.4987980769230769 0.9146634615384616 0.09615384615384616 0.13701923076923078
1 0.5985576923076923 0.7512019230769231 0.09615384615384616 0.11538461538461539
1 0.671875 0.8341346153846154 0.10336538461538461 0.13942307692307693
1 0.6502403846153846 0.49759615384615385 0.07692307692307693 0.10817307692307693
1 0.6045673076923077 0.2764423076923077 0.08413461538461539 0.11298076923076923
1 0.6935096153846154 0.2800480769230769 0.08413461538461539 0.125
1 0.7175480769230769 0.10697115384615384 0.0625 0.09134615384615384
1 0.8774038461538461 0.375 0.09134615384615384 0.10576923076923077
1 0.9759615384615384 0.6814903846153846 0.04326923076923077 0.11298076923076923