1 0.21614583333333334 0.2864583333333333 0.1484375 0.22135416666666666
1 0.234375 0.44921875 0.2265625 0.296875
1 0.4908854166666667 0.3893229166666667 0.11458333333333333 0.1484375
1 0.5911458333333334 0.21744791666666666 0.10677083333333333 0.125
1 0.5794270833333334 0.2994791666666667 0.1015625 0.15885416666666666
1 0.6666666666666666 0.26171875 0.1875 0.24479166666666666
1 0.81640625 0.23958333333333334 0.11197916666666667 0.1484375
2 0.8463541666666666 0.08984375 0.07552083333333333 0.10677083333333333
2 0.9075520833333334 0.1640625 0.078125 0.109375
1 0.9440104166666666 0.234375 0.10677083333333333 0.17708333333333334
1 0.9309895833333334 0.4114583333333333 0.1328125 0.22916666666666666