1 0.9264705882352942 0.4959893048128342 0.10427807486631016 0.13368983957219252
1 0.8355614973262032 0.5294117647058824 0.09090909090909091 0.11764705882352941
1 0.6203208556149733 0.43983957219251335 0.11497326203208556 0.1443850267379679
1 0.5574866310160428 0.39572192513368987 0.0855614973262032 0.10695187165775401
1 0.517379679144385 0.6283422459893048 0.10695187165775401 0.12834224598930483
1 0.4157754010695187 0.339572192513369 0.06951871657754011 0.10160427807486631
1 0.3783422459893048 0.3382352941176471 0.09358288770053476 0.12299465240641712
1 0.3181818181818182 0.35561497326203206 0.0855614973262032 0.10695187165775401
1 0.27807486631016043 0.3810160427807487 0.0855614973262032 0.11764705882352941
1 0.2072192513368984 0.38235294117647056 0.11497326203208556 0.14171122994652408
1 0.14037433155080214 0.2446524064171123 0.07219251336898395 0.09893048128342247
2 0.08957219251336898 0.23128342245989306 0.07219251336898395 0.08823529411764706
1 0.02406417112299465 0.18315508021390375 0.0481283422459893 0.12032085561497326
1 0.6751336898395722 0.38235294117647056 0.07219251336898395 0.09893048128342247
1 0.47593582887700536 0.36764705882352944 0.06951871657754011 0.08823529411764706
1 0.5989304812834224 0.35962566844919786 0.07219251336898395 0.08823529411764706
1 0.053475935828877004 0.2179144385026738 0.05080213903743316 0.06951871657754011