2 0.17258883248730963 0.04568527918781726 0.0583756345177665 0.07614213197969544
2 0.2131979695431472 0.17639593908629442 0.06598984771573604 0.09137055837563451
2 0.16624365482233502 0.3464467005076142 0.07106598984771574 0.1065989847715736
1 0.09263959390862944 0.5355329949238579 0.06852791878172589 0.09644670050761421
2 0.5317258883248731 0.11548223350253807 0.0583756345177665 0.09137055837563451
1 0.4530456852791878 0.2766497461928934 0.06852791878172589 0.09137055837563451
1 0.4733502538071066 0.383248730964467 0.06598984771573604 0.09137055837563451
1 0.4073604060913706 0.567258883248731 0.07106598984771574 0.1065989847715736
1 0.8312182741116751 0.03553299492385787 0.06345177664974619 0.07106598984771574
1 0.8895939086294417 0.13705583756345177 0.06598984771573604 0.08883248730964467
2 0.8477157360406091 0.2703045685279188 0.05583756345177665 0.07360406091370558
2 0.7081218274111675 0.4137055837563452 0.06091370558375635 0.09390862944162437
1 0.7550761421319797 0.6294416243654822 0.06345177664974619 0.0583756345177665