1 0.16990291262135923 0.4381067961165049 0.02912621359223301 0.05825242718446602
2 0.27548543689320387 0.4029126213592233 0.03398058252427184 0.07281553398058252
2 0.33495145631067963 0.36650485436893204 0.0412621359223301 0.07281553398058252
1 0.38228155339805825 0.3895631067961165 0.05339805825242718 0.09951456310679611
1 0.470873786407767 0.30097087378640774 0.06310679611650485 0.12378640776699029
2 0.4854368932038835 0.3155339805825243 0.02669902912621359 0.0703883495145631
1 0.5364077669902912 0.2961165048543689 0.055825242718446605 0.10436893203883495
2 0.5716019417475728 0.3131067961165049 0.02912621359223301 0.06310679611650485
1 0.6007281553398058 0.3058252427184466 0.050970873786407765 0.08980582524271845
1 0.7330097087378641 0.25970873786407767 0.055825242718446605 0.09951456310679611
2 0.9259708737864077 0.11529126213592233 0.02669902912621359 0.10194174757281553