2 0.056578947368421055 0.34210526315789475 0.10263157894736842 0.2
2 0.09605263157894736 0.017105263157894738 0.08157894736842106 0.034210526315789476
1 0.16052631578947368 0.007894736842105263 0.06842105263157895 0.015789473684210527
1 0.34210526315789475 0.010526315789473684 0.07368421052631578 0.021052631578947368
2 0.25 0.04342105263157895 0.08421052631578947 0.0868421052631579
2 0.28289473684210525 0.1986842105263158 0.05 0.10789473684210527
2 0.22763157894736843 0.39210526315789473 0.09473684210526316 0.1868421052631579
2 0.16052631578947368 0.5473684210526316 0.11842105263157894 0.15789473684210525
1 0.21578947368421053 0.8263157894736842 0.14736842105263157 0.32105263157894737
2 0.38026315789473686 0.6407894736842106 0.15526315789473685 0.23421052631578948
2 0.34868421052631576 0.32105263157894737 0.10263157894736842 0.17894736842105263
2 0.375 0.06842105263157895 0.08157894736842106 0.11052631578947368
2 0.4776315789473684 0.11842105263157894 0.07368421052631578 0.13157894736842105
1 0.5460526315789473 0.09868421052631579 0.08157894736842106 0.14210526315789473
1 0.5289473684210526 0.3526315789473684 0.1 0.1868421052631579
2 0.618421052631579 0.28421052631578947 0.07105263157894737 0.14473684210526316
2 0.6881578947368421 0.14473684210526316 0.0868421052631579 0.16842105263157894
2 0.8026315789473685 0.1763157894736842 0.07631578947368421 0.11315789473684211
2 0.8105263157894737 0.3539473684210526 0.07105263157894737 0.13157894736842105
1 0.7381578947368421 0.5039473684210526 0.11315789473684211 0.2236842105263158
2 0.6828947368421052 0.7473684210526316 0.10263157894736842 0.1868421052631579
1 0.8105263157894737 0.9131578947368421 0.11578947368421053 0.16842105263157894
1 0.8973684210526316 0.6342105263157894 0.1 0.2
2 0.9460526315789474 0.2644736842105263 0.06842105263157895 0.13421052631578947
1 0.9815789473684211 0.4723684210526316 0.031578947368421054 0.14473684210526316