1 0.8641826923076923 0.046875 0.040865384615384616 0.0889423076923077
1 0.875 0.08533653846153846 0.057692307692307696 0.09375
1 0.78125 0.5721153846153846 0.11778846153846154 0.19471153846153846
1 0.6502403846153846 0.4891826923076923 0.09375 0.17307692307692307
1 0.6442307692307693 0.28846153846153844 0.08413461538461539 0.15384615384615385
1 0.7584134615384616 0.013221153846153846 0.03125 0.026442307692307692
1 0.6959134615384616 0.030048076923076924 0.03125 0.06009615384615385
1 0.5901442307692307 0.07572115384615384 0.04326923076923077 0.06971153846153846
1 0.5480769230769231 0.24759615384615385 0.07932692307692307 0.14903846153846154
1 0.46033653846153844 0.43509615384615385 0.09375 0.17067307692307693
1 0.4411057692307692 0.26322115384615385 0.08413461538461539 0.15144230769230768
2 0.3894230769230769 0.15985576923076922 0.04326923076923077 0.08173076923076923
1 0.31850961538461536 0.203125 0.052884615384615384 0.10817307692307693
1 0.3786057692307692 0.09254807692307693 0.04326923076923077 0.06009615384615385
1 0.3173076923076923 0.10697115384615384 0.052884615384615384 0.040865384615384616
1 0.26322115384615385 0.12860576923076922 0.05048076923076923 0.06009615384615385