1 0.24639423076923078 0.16466346153846154 0.09134615384615384 0.11538461538461539
1 0.296875 0.23076923076923078 0.07451923076923077 0.10096153846153846
1 0.46033653846153844 0.15384615384615385 0.052884615384615384 0.07451923076923077
1 0.4735576923076923 0.23798076923076922 0.09615384615384616 0.12740384615384615
1 0.5228365384615384 0.16346153846153846 0.057692307692307696 0.07692307692307693
1 0.5348557692307693 0.21995192307692307 0.06971153846153846 0.10096153846153846
1 0.46634615384615385 0.45913461538461536 0.09375 0.11538461538461539
1 0.6021634615384616 0.22355769230769232 0.052884615384615384 0.07451923076923077
1 0.6550480769230769 0.2247596153846154 0.057692307692307696 0.09134615384615384
1 0.6802884615384616 0.23798076923076922 0.07692307692307693 0.10576923076923077
1 0.7115384615384616 0.27524038461538464 0.06490384615384616 0.08653846153846154
1 0.7307692307692307 0.32091346153846156 0.08173076923076923 0.11057692307692307
1 0.7764423076923077 0.3485576923076923 0.09375 0.1201923076923077
1 0.8725961538461539 0.2439903846153846 0.06971153846153846 0.09615384615384616
2 0.9134615384615384 0.25240384615384615 0.0625 0.07211538461538461
1 0.9759615384615384 0.23677884615384615 0.04326923076923077 0.10817307692307693
1 0.9447115384615384 0.2548076923076923 0.04326923076923077 0.06490384615384616