1 0.24625 0.2125 0.0775 0.0975
1 0.4025 0.09125 0.055 0.07
1 0.38375 0.27 0.0725 0.085
1 0.58875 0.0675 0.055 0.065
1 0.60125 0.12875 0.0675 0.0925
1 0.59625 0.35375 0.0925 0.1225
1 0.675 0.0625 0.065 0.0825
1 0.72875 0.07375 0.06 0.0775
1 0.73625 0.2625 0.0775 0.1
1 0.755 0.19875 0.06 0.0775
2 0.64375 0.055 0.04 0.045
2 0.7925 0.08625 0.04 0.0575
1 0.83 0.025 0.045 0.05
1 0.845 0.12375 0.0525 0.06
2 0.86875 0.01875 0.0475 0.0375
0 0.90375 0.0625 0.0475 0.06
1 0.965 0.0425 0.0525 0.07
1 0.98 0.04625 0.025 0.045
2 0.945 0.0375 0.0375 0.05