1 0.1590909090909091 0.3181818181818182 0.07754010695187166 0.07754010695187166
1 0.2927807486631016 0.2887700534759358 0.07754010695187166 0.08288770053475936
1 0.42379679144385024 0.29010695187165775 0.09358288770053476 0.09358288770053476
1 0.04411764705882353 0.32620320855614976 0.045454545454545456 0.053475935828877004
1 0.28475935828877 0.2192513368983957 0.05080213903743316 0.058823529411764705
1 0.20588235294117646 0.24598930481283424 0.0374331550802139 0.045454545454545456
1 0.3890374331550802 0.23663101604278075 0.07754010695187166 0.09090909090909091
1 0.9050802139037433 0.16176470588235295 0.07754010695187166 0.07754010695187166
1 0.7272727272727273 0.1497326203208556 0.0748663101604278 0.07754010695187166
1 0.6109625668449198 0.1858288770053476 0.0748663101604278 0.07754010695187166
2 0.7941176470588235 0.16042780748663102 0.06684491978609626 0.09893048128342247
1 0.9505347593582888 0.08288770053475936 0.05080213903743316 0.06149732620320856
1 0.04679144385026738 0.38235294117647056 0.0374331550802139 0.06951871657754011