1 0.643979057591623 0.06675392670157068 0.020942408376963352 0.034031413612565446
1 0.6243455497382199 0.06806282722513089 0.02356020942408377 0.041884816753926704
1 0.581151832460733 0.051047120418848166 0.02617801047120419 0.041884816753926704
1 0.506544502617801 0.03534031413612566 0.0549738219895288 0.07068062827225131
1 0.569371727748691 0.1256544502617801 0.05235602094240838 0.060209424083769635
1 0.6989528795811518 0.09162303664921466 0.05235602094240838 0.0968586387434555
1 0.40445026178010474 0.07329842931937172 0.03926701570680628 0.09424083769633508
1 0.3599476439790576 0.0824607329842932 0.07591623036649214 0.13350785340314136
1 0.3010471204188482 0.14136125654450263 0.02617801047120419 0.041884816753926704
1 0.16099476439790575 0.05366492146596859 0.07591623036649214 0.10732984293193717
1 0.014397905759162303 0.060209424083769635 0.028795811518324606 0.12041884816753927