1 0.0825242718446602 0.587378640776699 0.08495145631067962 0.1383495145631068
1 0.27427184466019416 0.5012135922330098 0.0703883495145631 0.11165048543689321
1 0.3337378640776699 0.5461165048543689 0.09223300970873786 0.11407766990291263
1 0.3762135922330097 0.39927184466019416 0.0703883495145631 0.10436893203883495
2 0.42839805825242716 0.4065533980582524 0.08980582524271845 0.12135922330097088
1 0.508495145631068 0.4987864077669903 0.1262135922330097 0.17718446601941748
2 0.4672330097087379 0.3058252427184466 0.0703883495145631 0.0970873786407767
2 0.5461165048543689 0.2669902912621359 0.0825242718446602 0.11407766990291263
2 0.6759708737864077 0.28883495145631066 0.07766990291262135 0.10679611650485436
1 0.6650485436893204 0.41140776699029125 0.08009708737864078 0.10922330097087378
1 0.7354368932038835 0.37014563106796117 0.08737864077669903 0.13349514563106796
1 0.866504854368932 0.25 0.0703883495145631 0.10194174757281553
0 0.7864077669902912 0.39927184466019416 0.10679611650485436 0.1383495145631068
2 0.9381067961165048 0.2633495145631068 0.09466019417475728 0.11893203883495146
2 0.16019417475728157 0.45145631067961167 0.04854368932038835 0.06553398058252427
2 0.7888349514563107 0.25485436893203883 0.050970873786407765 0.0703883495145631
1 0.9004854368932039 0.20509708737864077 0.04611650485436893 0.06067961165048544