1 0.864321608040201 0.6582914572864321 0.06030150753768844 0.0728643216080402
1 0.8103015075376885 0.5866834170854272 0.035175879396984924 0.04522613065326633
1 0.7286432160804021 0.6658291457286433 0.06030150753768844 0.06281407035175879
1 0.6871859296482412 0.5276381909547738 0.09296482412060302 0.11055276381909548
1 0.5201005025125628 0.5979899497487438 0.07537688442211055 0.09798994974874371
1 0.39321608040201006 0.5326633165829145 0.05778894472361809 0.07035175879396985
1 0.3731155778894472 0.5037688442211056 0.032663316582914576 0.03768844221105527
2 0.33542713567839194 0.49874371859296485 0.02512562814070352 0.032663316582914576
1 0.228643216080402 0.5439698492462312 0.06030150753768844 0.06281407035175879
0 0.12185929648241206 0.4547738693467337 0.08040201005025126 0.09547738693467336
1 0.228643216080402 0.47110552763819097 0.02512562814070352 0.03015075376884422