2 0.16753926701570682 0.07722513089005235 0.07591623036649214 0.09424083769633508
2 0.14397905759162305 0.2369109947643979 0.08376963350785341 0.10732984293193717
1 0.09947643979057591 0.4096858638743455 0.08115183246073299 0.0968586387434555
2 0.49345549738219896 0.11780104712041885 0.07068062827225131 0.09162303664921466
1 0.43848167539267013 0.2604712041884817 0.07853403141361257 0.09424083769633508
1 0.47643979057591623 0.3756544502617801 0.07591623036649214 0.09424083769633508
1 0.43848167539267013 0.5484293193717278 0.08376963350785341 0.10732984293193717
1 0.7984293193717278 0.12696335078534032 0.07329842931937172 0.08900523560209424
1 0.8769633507853403 0.2604712041884817 0.07853403141361257 0.08900523560209424
2 0.856020942408377 0.38612565445026176 0.06544502617801047 0.07329842931937172
2 0.731675392670157 0.4895287958115183 0.07329842931937172 0.0968586387434555
1 0.819371727748691 0.7264397905759162 0.07329842931937172 0.06282722513089005