1 0.904639175257732 0.12886597938144329 0.07989690721649484 0.06443298969072164
1 0.6211340206185567 0.08891752577319588 0.07216494845360824 0.1056701030927835
1 0.7139175257731959 0.22551546391752578 0.07216494845360824 0.11597938144329897
2 0.5141752577319587 0.06056701030927835 0.061855670103092786 0.09536082474226804
1 0.6237113402061856 0.21649484536082475 0.09020618556701031 0.14690721649484537
1 0.9716494845360825 0.8157216494845361 0.05154639175257732 0.3634020618556701
2 0.3634020618556701 0.16494845360824742 0.05154639175257732 0.09278350515463918
2 0.41494845360824745 0.23582474226804123 0.07989690721649484 0.11597938144329897
1 0.5064432989690721 0.4162371134020619 0.10051546391752578 0.15979381443298968
1 0.24484536082474226 0.06443298969072164 0.07731958762886598 0.12886597938144329
1 0.10438144329896908 0.08247422680412371 0.061855670103092786 0.11597938144329897
1 0.21262886597938144 0.3943298969072165 0.0979381443298969 0.14175257731958762
1 0.03221649484536082 0.21649484536082475 0.06443298969072164 0.1134020618556701