1 0.9388020833333334 0.24348958333333334 0.028645833333333332 0.049479166666666664
2 0.8229166666666666 0.2630208333333333 0.036458333333333336 0.0625
2 0.7630208333333334 0.2578125 0.041666666666666664 0.0625
1 0.7005208333333334 0.3111979166666667 0.057291666666666664 0.08333333333333333
1 0.6197916666666666 0.26171875 0.0625 0.10416666666666667
2 0.5989583333333334 0.28515625 0.026041666666666668 0.0625
1 0.5442708333333334 0.2942708333333333 0.057291666666666664 0.09114583333333333
2 0.4973958333333333 0.3333333333333333 0.028645833333333332 0.0546875
1 0.4635416666666667 0.3424479166666667 0.052083333333333336 0.07552083333333333
1 0.3203125 0.3658854166666667 0.059895833333333336 0.08333333333333333
2 0.13151041666666666 0.3177083333333333 0.0234375 0.09114583333333333