1 0.9338235294117647 0.5857843137254902 0.1053921568627451 0.13970588235294118
1 0.8909313725490197 0.9313725490196079 0.14950980392156862 0.1323529411764706
1 0.7647058823529411 0.6740196078431373 0.09558823529411764 0.13480392156862744
1 0.7242647058823529 0.4375 0.061274509803921566 0.08088235294117647
1 0.6593137254901961 0.37254901960784315 0.056372549019607844 0.08333333333333333
1 0.5036764705882353 0.46078431372549017 0.0661764705882353 0.09313725490196079
1 0.44485294117647056 0.33578431372549017 0.058823529411764705 0.08333333333333333
1 0.32107843137254904 0.40931372549019607 0.05392156862745098 0.06862745098039216
1 0.2267156862745098 0.4497549019607843 0.05392156862745098 0.08333333333333333
1 0.12622549019607843 0.5355392156862745 0.0661764705882353 0.11764705882352941
1 0.4007352941176471 0.29411764705882354 0.061274509803921566 0.09068627450980392