2 0.2723684210526316 0.1618421052631579 0.10526315789473684 0.1394736842105263
2 0.5342105263157895 0.042105263157894736 0.05263157894736842 0.08421052631578947
2 0.6842105263157895 0.06447368421052632 0.05789473684210526 0.08947368421052632
1 0.7144736842105263 0.11315789473684211 0.08421052631578947 0.1368421052631579
2 0.5236842105263158 0.19605263157894737 0.09473684210526316 0.12105263157894737
1 0.4486842105263158 0.36447368421052634 0.12368421052631579 0.18421052631578946
2 0.26973684210526316 0.375 0.09210526315789473 0.09210526315789473
0 0.04736842105263158 0.8526315789473684 0.09473684210526316 0.15789473684210525
0 0.3473684210526316 0.5039473684210526 0.12105263157894737 0.18947368421052632
0 0.5394736842105263 0.46578947368421053 0.1763157894736842 0.24736842105263157
2 0.775 0.23157894736842105 0.06578947368421052 0.1
1 0.8092105263157895 0.2736842105263158 0.10526315789473684 0.15789473684210525
1 0.9657894736842105 0.29210526315789476 0.06315789473684211 0.22105263157894736
1 0.7013157894736842 0.756578947368421 0.18947368421052632 0.28157894736842104