1 0.022058823529411766 0.24754901960784315 0.04411764705882353 0.0784313725490196
1 0.1482843137254902 0.23039215686274508 0.051470588235294115 0.06372549019607843
1 0.22916666666666666 0.24019607843137256 0.04411764705882353 0.06862745098039216
1 0.375 0.23161764705882354 0.051470588235294115 0.06862745098039216
1 0.41911764705882354 0.22426470588235295 0.0392156862745098 0.056372549019607844
1 0.45588235294117646 0.22303921568627452 0.0392156862745098 0.06372549019607843
1 0.4852941176470588 0.16544117647058823 0.0392156862745098 0.041666666666666664
1 0.48651960784313725 0.27941176470588236 0.049019607843137254 0.06372549019607843
1 0.5600490196078431 0.3541666666666667 0.07352941176470588 0.09313725490196079
2 0.6446078431372549 0.21568627450980393 0.056372549019607844 0.07598039215686274
1 0.6801470588235294 0.38235294117647056 0.07598039215686274 0.11274509803921569
1 0.7818627450980392 0.19730392156862744 0.049019607843137254 0.06372549019607843
1 0.7904411764705882 0.3602941176470588 0.0661764705882353 0.07352941176470588
1 0.9203431372549019 0.47549019607843135 0.10294117647058823 0.14460784313725492
2 0.8639705882352942 0.4424019607843137 0.04411764705882353 0.08088235294117647