0 0.11529126213592233 0.5412621359223301 0.21359223300970873 0.28640776699029125
1 0.47572815533980584 0.6432038834951457 0.18932038834951456 0.2766990291262136
1 0.6128640776699029 0.7366504854368932 0.12378640776699029 0.20388349514563106
1 0.7451456310679612 0.7402912621359223 0.18932038834951456 0.25728155339805825
1 0.8701456310679612 0.6298543689320388 0.14805825242718446 0.21844660194174756
1 0.6092233009708737 0.3288834951456311 0.10194174757281553 0.1553398058252427
1 0.6601941747572816 0.27063106796116504 0.09951456310679611 0.13349514563106796
1 0.4393203883495146 0.2669902912621359 0.07281553398058252 0.11407766990291263
1 0.46601941747572817 0.1941747572815534 0.07766990291262135 0.10922330097087378
1 0.42597087378640774 0.3446601941747573 0.09466019417475728 0.11165048543689321
1 0.4672330097087379 0.06432038834951456 0.05825242718446602 0.07524271844660194
1 0.5412621359223301 0.02669902912621359 0.05825242718446602 0.05339805825242718
1 0.4016990291262136 0.06674757281553398 0.055825242718446605 0.0703883495145631