1 0.00641025641025641 0.7282051282051282 0.01282051282051282 0.11282051282051282
1 0.03974358974358974 0.6576923076923077 0.07179487179487179 0.1
1 0.14871794871794872 0.6153846153846154 0.07435897435897436 0.1
1 0.24743589743589745 0.5512820512820513 0.06666666666666667 0.08974358974358974
1 0.3153846153846154 0.5448717948717948 0.07435897435897436 0.11538461538461539
1 0.46025641025641023 0.5051282051282051 0.07179487179487179 0.10256410256410256
1 0.4782051282051282 0.4576923076923077 0.05384615384615385 0.11538461538461539
1 0.5974358974358974 0.4217948717948718 0.04358974358974359 0.06666666666666667
1 0.6679487179487179 0.28076923076923077 0.08461538461538462 0.13076923076923078
1 0.8615384615384616 0.22948717948717948 0.09487179487179487 0.12564102564102564
1 0.985897435897436 0.2064102564102564 0.023076923076923078 0.1
1 0.9230769230769231 0.22435897435897437 0.07692307692307693 0.1076923076923077
2 0.6243589743589744 0.41923076923076924 0.05897435897435897 0.09743589743589744
2 0.37948717948717947 0.5641025641025641 0.06923076923076923 0.10256410256410256
2 0.2230769230769231 0.6051282051282051 0.07692307692307693 0.11538461538461539