1 0.941747572815534 0.9502427184466019 0.07281553398058252 0.09466019417475728
1 0.808252427184466 0.9199029126213593 0.06310679611650485 0.11407766990291263
1 0.6978155339805825 0.9138349514563107 0.06067961165048544 0.10922330097087378
1 0.5254854368932039 0.9065533980582524 0.07281553398058252 0.11407766990291263
1 0.22330097087378642 0.6796116504854369 0.06796116504854369 0.09466019417475728
1 0.06796116504854369 0.7002427184466019 0.06067961165048544 0.06796116504854369
1 0.3470873786407767 0.6116504854368932 0.06310679611650485 0.10194174757281553
1 0.15048543689320387 0.40048543689320387 0.050970873786407765 0.08009708737864078
1 0.024271844660194174 0.4211165048543689 0.03640776699029126 0.0825242718446602
1 0.2815533980582524 0.4381067961165049 0.0412621359223301 0.0703883495145631
1 0.4720873786407767 0.6699029126213593 0.06067961165048544 0.09223300970873786
1 0.6055825242718447 0.6783980582524272 0.06067961165048544 0.09223300970873786
1 0.7851941747572816 0.6783980582524272 0.03155339805825243 0.10194174757281553
1 0.8228155339805825 0.6735436893203883 0.06067961165048544 0.10922330097087378
1 0.8907766990291263 0.691747572815534 0.05339805825242718 0.09466019417475728
1 0.9890776699029126 0.7026699029126213 0.01699029126213592 0.10922330097087378
1 0.9781553398058253 0.5449029126213593 0.038834951456310676 0.06067961165048544
1 0.8689320388349514 0.5072815533980582 0.04611650485436893 0.08009708737864078
1 0.7378640776699029 0.5048543689320388 0.0412621359223301 0.07524271844660194
1 0.6565533980582524 0.4696601941747573 0.04611650485436893 0.08009708737864078
1 0.5315533980582524 0.49150485436893204 0.055825242718446605 0.08009708737864078
1 0.4320388349514563 0.4733009708737864 0.05339805825242718 0.08009708737864078
1 0.024271844660194174 0.2087378640776699 0.04611650485436893 0.08009708737864078
1 0.17354368932038836 0.21723300970873785 0.03155339805825243 0.08009708737864078
1 0.2657766990291262 0.2354368932038835 0.0412621359223301 0.0825242718446602
1 0.33859223300970875 0.25728155339805825 0.04611650485436893 0.06310679611650485
1 0.44781553398058255 0.23786407766990292 0.0412621359223301 0.08009708737864078
1 0.5036407766990292 0.2621359223300971 0.03640776699029126 0.08009708737864078
1 0.6116504854368932 0.2512135922330097 0.03640776699029126 0.08009708737864078
1 0.6966019417475728 0.2949029126213592 0.03640776699029126 0.0703883495145631
1 0.8070388349514563 0.30461165048543687 0.03640776699029126 0.0703883495145631
1 0.9016990291262136 0.3325242718446602 0.0412621359223301 0.0825242718446602
1 0.9648058252427184 0.34101941747572817 0.038834951456310676 0.08009708737864078
1 0.962378640776699 0.24514563106796117 0.03155339805825243 0.06310679611650485
1 0.8628640776699029 0.22330097087378642 0.02669902912621359 0.06310679611650485
1 0.7742718446601942 0.23058252427184467 0.03640776699029126 0.0703883495145631
1 0.6468446601941747 0.19781553398058252 0.03155339805825243 0.07524271844660194
1 0.49271844660194175 0.12135922330097088 0.03155339805825243 0.07524271844660194
1 0.4053398058252427 0.12742718446601942 0.03640776699029126 0.08009708737864078
1 0.28398058252427183 0.11893203883495146 0.03640776699029126 0.08009708737864078
1 0.19053398058252427 0.06796116504854369 0.0412621359223301 0.0825242718446602
1 0.07645631067961164 0.06432038834951456 0.03640776699029126 0.07524271844660194
1 0.0048543689320388345 0.05946601941747573 0.009708737864077669 0.08495145631067962
1 0.23179611650485438 0.014563106796116505 0.0412621359223301 0.02912621359223301
1 0.3313106796116505 0.02912621359223301 0.0412621359223301 0.05825242718446602
1 0.375 0.00849514563106796 0.03155339805825243 0.01699029126213592
1 0.45995145631067963 0.04975728155339806 0.03640776699029126 0.06310679611650485
1 0.5279126213592233 0.07524271844660194 0.03640776699029126 0.050970873786407765
1 0.5934466019417476 0.08373786407766991 0.03640776699029126 0.06310679611650485
1 0.6820388349514563 0.09344660194174757 0.0412621359223301 0.06310679611650485
1 0.8009708737864077 0.15169902912621358 0.02669902912621359 0.050970873786407765
1 0.8640776699029126 0.14320388349514562 0.03155339805825243 0.06310679611650485